-49 32 1 0
64 31 0 1
13 79 1 0
-48 -72 0 1
52 -46 0 1
-2 -46 1 0
39 32 1 0
-14 54 1 0
38 -15 0 1
-60 31 0 1
13 -19 0 1
24 53 1 0
37 1 1 0
-15 54 0 1
-74 -16 1 0
-66 -9 1 0
50 -45 0 1
-21 71 0 1
49 -55 0 1
-19 -22 0 1
-39 46 1 0
-47 17 1 0
-17 -1 1 0
7 51 0 1
45 -28 0 1
24 67 1 0
-5 -12 1 0
-8 -1 1 0
-42 -75 0 1
-43 -66 0 1
-40 17 0 1
-2 -32 1 0
-47 13 0 1
-26 -17 0 1
-16 25 1 0
23 62 1 0
-52 40 0 1
13 79 1 0
-11 58 0 1
50 -57 1 0
-45 -75 1 0
73 -4 1 0
-55 41 1 0
-27 -47 1 0
-26 42 0 1
43 2 1 0
-1 13 0 1
65 -17 1 0
55 -7 0 1
-31 -72 1 0
-57 29 1 0
31 2 0 1
13 53 1 0
-33 45 1 0
75 -1 0 1
-8 -45 1 0
-15 0 1 0
-30 -14 0 1
29 55 0 1
43 -58 0 1
22 16 0 1
55 4 0 1
-25 -20 0 1
-27 -34 0 1
-42 -14 0 1
24 51 1 0
-4 -21 0 1
18 0 1 0
-58 -29 0 1
-55 40 0 1
16 -63 0 1
-25 42 0 1
51 -34 1 0
-49 34 0 1
21 -51 1 0
-36 -26 1 0
3 -41 0 1
25 52 1 0
52 -54 0 1
-22 -46 1 0
24 -19 1 0
7 80 1 0
81 0 0 1
-56 -54 0 1
-42 -10 1 0
-60 -45 0 1
-40 -77 1 0
55 37 1 0
8 75 0 1
4 -31 1 0
-41 -72 0 1
23 16 0 1
-59 -44 0 1
-54 -54 0 1
-59 -43 1 0
0 -29 0 1
-74 -17 1 0
-46 13 0 1
0 -43 0 1
-23 33 0 1
18 15 0 1
33 -2 0 1
75 -2 0 1
-23 45 0 1
24 26 0 1
20 -8 0 1
-7 45 0 1
-59 40 1 0
2 -6 0 1
-76 -20 1 0
-13 -4 1 0
39 32 1 0
-51 31 0 1
-48 -62 0 1
-2 72 0 1
-54 38 0 1
-38 18 0 1
52 -4 1 0
33 -20 1 0
-73 0 1 0
-15 58 1 0
-72 -11 0 1
59 -16 1 0
19 -59 0 1
-43 -9 0 1
29 1 0 1
8 57 0 1
-7 73 0 1
-54 28 1 0
-14 -17 0 1
9 -36 0 1
64 24 0 1
10 -53 0 1
31 -21 1 0
-36 -65 0 1
27 -44 1 0
80 0 0 1
-24 -21 1 0
-49 -70 1 0
52 -11 1 0
-1 13 1 0
56 -2 0 1
-69 -9 1 0
75 1 0 1
-10 -28 0 1
27 -41 1 0
63 30 0 1
-13 -4 1 0
9 40 0 1
-41 54 0 1
60 -46 0 1
-15 50 0 1
-18 -12 1 0
-27 39 0 1
-24 -34 0 1
-41 -9 0 1
19 69 0 1
55 33 1 0
61 -46 0 1
23 63 1 0
-52 46 0 1
0 45 0 1
26 -41 1 0
-45 51 1 0
-22 -30 0 1
63 -34 1 0
3 -9 0 1
-54 -56 0 1
-32 31 1 0
-46 12 0 1
17 48 1 0
-32 -30 1 0
-29 -23 0 1
-43 -10 0 1
30 -19 1 0
54 -5 1 0
-6 -21 1 0
-57 -22 1 0
64 -16 0 1
-39 17 1 0
-71 -2 1 0
-57 -56 1 0
-13 -34 0 1
-12 -45 1 0
-38 32 1 0
3 -5 0 1
-3 15 1 0
-41 39 1 0
-53 42 1 0
-10 48 0 1
-72 -11 0 1
-43 53 0 1
-32 -74 1 0
-40 54 1 0
8 -31 0 1
11 4 1 0
48 -15 1 0
45 -21 0 1
-16 -48 1 0
-59 -57 0 1
-22 -3 1 0
-55 42 0 1
-8 65 1 0
-87 -1 1 0
-38 51 1 0
-54 -41 1 0
37 -39 1 0
4 -5 1 0
23 31 1 0
-43 47 1 0
-42 -9 1 0
13 42 0 1
39 22 1 0
56 -2 0 1
-30 -24 1 0
12 40 1 0
-26 -17 1 0
6 76 0 1
-18 -49 1 0
41 -56 1 0
-32 50 0 1
26 -17 0 1
-47 -67 1 0
64 42 1 0
-33 -13 0 1
61 51 0 1
-47 28 1 0
-42 -12 0 1
-44 -62 0 1
35 -20 0 1
-56 -47 0 1
-8 -35 1 0
7 -11 0 1
-40 47 1 0
24 -44 1 0
24 54 0 1
-55 -62 1 0
52 -7 0 1
25 50 0 1
10 -27 1 0
44 -11 1 0
-2 -4 0 1
36 -60 1 0
7 -29 1 0
57 -43 1 0
63 53 0 1
34 2 1 0
53 40 1 0
-57 48 1 0
27 -1 1 0
-4 -8 1 0
9 -65 0 1
3 -6 0 1
-43 -65 0 1
-33 -75 0 1
-32 -12 0 1
43 -30 1 0
-46 29 0 1
-38 59 0 1
4 -45 1 0
-40 -72 0 1
25 49 0 1
-24 -19 0 1
-84 1 1 0
-13 50 1 0
49 -36 0 1
-71 -2 1 0
-42 -14 0 1
17 -54 0 1
21 23 1 0
-27 39 1 0
-24 -35 1 0
45 -20 0 1
-57 -23 1 0
-6 27 1 0
-18 -17 1 0
-15 -39 0 1
29 1 0 1
78 -6 1 0
17 -50 0 1
-34 45 1 0
-47 -64 0 1
-17 37 1 0
68 31 0 1
-56 28 0 1
-85 1 0 1
60 -45 0 1
-68 1 0 1
48 -6 1 0
42 15 0 1
-41 -64 1 0
22 -46 0 1
49 -35 1 0
6 -40 1 0
22 19 0 1
-11 0 1 0
-88 0 0 1
23 58 0 1
-50 -68 1 0
23 -31 1 0
51 -33 1 0
-9 -45 1 0
-11 51 1 0
22 -35 0 1
12 -31 0 1
29 -29 0 1
-43 59 0 1
-9 -32 0 1
-56 -62 1 0
23 -44 0 1
43 0 1 0
50 -38 0 1
67 29 0 1
-32 -25 0 1
-11 36 1 0
50 -46 1 0
-14 51 0 1
-53 -48 0 1
-58 -29 0 1
69 -27 0 1
10 66 1 0
81 0 0 1
-3 -13 1 0
-46 41 0 1
-12 62 1 0
22 -8 1 0
8 -67 0 1
58 52 0 1
4 -42 0 1
18 70 0 1
-11 34 1 0
-30 48 1 0
45 -3 1 0
10 -50 1 0
-56 49 1 0
-1 -17 0 1
2 46 0 1
-79 -8 1 0
43 2 1 0
-4 15 0 1
-38 -74 1 0
29 -35 1 0
55 36 1 0
-26 -39 1 0
-37 58 1 0
-2 -32 1 0
59 52 0 1
-1 -19 0 1
-48 19 1 0
-8 70 0 1
24 -41 1 0
71 -28 0 1
-2 -9 1 0
-20 -29 1 0
0 -30 0 1
-2 12 0 1
25 50 0 1
-36 -65 0 1
-65 -13 0 1
50 -51 0 1
3 45 0 1
14 60 0 1
32 -42 0 1
-88 -2 1 0
21 44 1 0
33 -23 0 1
-24 -36 0 1
-69 -10 0 1
34 -23 0 1
16 -51 1 0
21 -22 0 1
-33 -75 0 1
-71 -2 1 0
27 -44 1 0
-25 44 1 0
-71 -2 1 0
23 -48 0 1
-46 42 1 0
-48 17 1 0
9 -16 0 1
10 -34 0 1
77 -5 0 1
-10 36 1 0
42 36 1 0
18 -8 1 0
22 -10 1 0
9 -70 1 0
-56 -52 0 1
-7 49 1 0
58 44 1 0
48 -50 0 1
-2 -4 0 1
54 -54 1 0
-24 34 0 1
50 -50 0 1
-77 0 0 1
-28 -24 0 1
20 -3 0 1
15 64 1 0
-9 -11 1 0
-2 -32 0 1
30 -29 0 1
-18 -45 1 0
4 29 0 1
34 -44 1 0
-41 46 1 0
-15 47 0 1
-16 25 1 0
-17 -53 0 1
-21 -42 0 1
23 33 0 1
49 -55 1 0
-38 -75 1 0
-50 36 1 0
-84 4 0 1
-33 -26 1 0
40 -55 1 0
-13 -11 1 0
-32 -19 0 1
36 0 0 1
-20 -23 1 0
-40 -73 0 1
66 41 1 0
-9 39 0 1
13 42 0 1
22 -8 1 0
58 -9 1 0
-20 -40 0 1
30 -22 0 1
-46 -66 0 1
-12 27 0 1
12 59 1 0
52 -46 0 1
16 -50 1 0
70 26 0 1
-41 37 1 0
9 -72 0 1
-8 17 0 1
-9 65 0 1
0 69 0 1
-34 -19 0 1
-60 -45 0 1
37 -12 0 1
64 31 1 0
21 -17 0 1
15 -2 1 0
58 43 1 0
-29 54 1 0
-8 -20 1 0
15 72 1 0
0 46 0 1
-47 20 1 0
3 58 0 1
22 39 1 0
6 -37 1 0
44 -23 0 1
-37 36 0 1
34 1 1 0
-58 31 1 0
-15 50 0 1
32 -34 0 1
-58 -23 1 0
41 18 0 1
-45 28 0 1
56 -2 0 1
12 -49 0 1
8 77 1 0
-74 2 1 0
-2 45 0 1
18 71 1 0
-78 -2 1 0
67 24 0 1
55 2 0 1
-33 29 1 0
49 -9 1 0
-4 -9 0 1
58 -8 0 1
7 7 0 1
-57 32 0 1
-8 19 1 0
-39 18 1 0
-50 -65 1 0
-54 29 1 0
-72 7 1 0
1 -10 0 1
3 -8 0 1
-7 57 1 0
52 -33 0 1
-40 31 0 1
-47 16 1 0
-55 -48 0 1
57 39 1 0
53 55 1 0
56 -2 1 0
0 -42 0 1
-35 -17 0 1
-33 42 0 1
50 57 1 0
61 -33 1 0
38 17 1 0
-50 -60 0 1
36 -23 0 1
-6 26 0 1
59 -43 1 0
-42 53 0 1
-14 -32 1 0
-5 53 1 0
63 51 0 1
8 -65 0 1
-13 -3 1 0
8 58 1 0
64 -16 0 1
-36 -65 1 0
-10 55 1 0
15 -61 0 1
-15 -39 0 1
-4 54 1 0
31 0 0 1
26 -32 0 1
-24 -20 1 0
27 48 0 1
69 27 0 1
63 -19 0 1
6 80 1 0
42 18 0 1
28 30 0 1
-76 -20 0 1
52 -33 0 1
45 -18 0 1
10 59 0 1
24 49 0 1
60 -46 1 0
33 39 0 1
-34 57 1 0
4 -28 0 1
-38 -74 1 0
19 -53 1 0
-40 -72 0 1
72 -29 1 0
-14 -19 0 1
36 -38 1 0
-48 -72 0 1
-39 -72 0 1
30 -29 0 1
32 -34 1 0
-1 -26 1 0
5 80 1 0
1 -46 0 1
13 -29 1 0
-71 0 1 0
-39 56 1 0
27 -8 1 0
-46 31 1 0
66 32 0 1
63 -35 1 0
40 17 0 1
-4 71 0 1
6 -75 0 1
6 -75 1 0
18 -17 1 0
21 -43 0 1
50 -6 1 0
39 -2 0 1
17 48 1 0
-36 47 1 0
-7 20 1 0
23 26 0 1
24 26 0 1
-1 13 0 1
28 -45 1 0
-59 31 0 1
19 -19 0 1
-12 0 1 0
-9 -38 1 0
-22 -28 0 1
-47 15 1 0
-11 -20 1 0
63 -16 0 1
7 -45 0 1
-7 0 0 1
68 39 1 0
19 -53 0 1
36 -38 0 1
-59 41 0 1
46 -39 1 0
-30 -11 0 1
-37 36 0 1
53 -42 1 0
-18 -31 1 0
11 -65 1 0
11 -37 0 1
69 26 0 1
59 -14 1 0
66 0 1 0
-42 -65 1 0
-41 32 1 0
-50 35 1 0
-7 -43 1 0
36 -28 1 0
29 -37 1 0
-49 33 0 1
20 62 1 0
-46 -76 1 0
59 39 1 0
-35 -30 1 0
-38 58 0 1
25 -25 0 1
-24 -33 0 1
40 23 1 0
-53 -48 0 1
-41 33 1 0
8 49 0 1
-24 -19 1 0
-17 -51 0 1
23 36 0 1
-29 52 1 0
-25 33 0 1
-54 28 0 1
36 -11 1 0
59 -48 0 1
63 -19 0 1
-64 -45 1 0
16 2 0 1
-21 -24 0 1
75 -1 0 1
61 -19 1 0
7 -64 1 0
-23 -18 1 0
32 -29 1 0
-42 -76 0 1
-42 -12 0 1
-1 -5 1 0
-73 -12 1 0
-52 38 1 0
17 -16 1 0
51 -57 0 1
4 32 1 0
19 -9 1 0
-20 -7 1 0
-20 71 1 0
-77 0 0 1
-15 39 0 1
-53 44 0 1
-1 15 1 0
-1 -20 0 1
-30 -24 1 0
-39 -64 0 1
56 -49 1 0
0 72 1 0
46 -32 0 1
31 -29 0 1
63 46 1 0
-48 -72 1 0
-5 -15 1 0
23 -20 1 0
-37 52 1 0
64 32 0 1
50 58 0 1
-12 -11 1 0
-32 40 1 0
-58 -45 0 1
-38 20 0 1
-50 -60 1 0
-9 -12 1 0
55 36 1 0
0 -46 0 1
-31 -74 1 0
46 -48 1 0
-18 -34 0 1
5 60 1 0
9 72 0 1
50 57 0 1
0 -44 0 1
-39 28 1 0
31 -23 0 1
-7 -19 1 0
12 38 1 0
-25 -39 0 1
8 -36 0 1
-32 -24 0 1
0 -20 1 0
-14 59 1 0
17 -42 0 1
-54 35 0 1
4 71 0 1
-16 25 0 1
23 50 0 1
-2 54 0 1
-12 -43 1 0
42 17 1 0
-8 47 1 0
-73 -11 1 0
-53 38 1 0
34 -23 0 1
-1 45 1 0
39 -10 1 0
-65 -13 1 0
-25 -25 1 0
11 1 0 1
12 69 0 1
23 52 1 0
26 -41 1 0
19 52 0 1
-13 -20 1 0
-71 -12 1 0
52 -3 1 0
51 31 0 1
52 30 1 0
-17 25 1 0
26 -28 0 1
35 0 1 0
17 -55 0 1
-9 16 0 1
46 -28 1 0
-49 19 1 0
-14 64 1 0
-8 34 0 1
35 -6 0 1
47 -27 1 0
-1 55 1 0
17 -57 0 1
-49 41 1 0
6 -4 0 1
-11 -13 0 1
-13 -19 0 1
17 -64 0 1
7 -31 0 1
19 -54 0 1
2 34 0 1
-23 39 1 0
-44 52 0 1
43 0 1 0
-11 -1 1 0
49 -36 0 1
59 -15 1 0
-47 41 1 0
-25 37 0 1
-10 16 0 1
-33 52 1 0
45 16 1 0
-2 70 1 0
-58 -46 1 0
31 -23 0 1
-3 63 1 0
17 17 1 0
8 -71 0 1
-9 31 0 1
-15 54 1 0
14 55 1 0
-46 -64 0 1
13 -19 0 1
-63 -45 0 1
-8 17 0 1
40 23 0 1
49 -52 0 1
44 -12 1 0
26 52 1 0
-41 -14 0 1
45 -35 1 0
-2 -19 0 1
14 -30 1 0
34 -34 0 1
-2 -43 0 1
53 -8 1 0
32 1 1 0
51 -41 0 1
12 64 1 0
33 -44 1 0
72 -30 1 0
3 -34 1 0
19 70 1 0
57 40 0 1
-36 -65 0 1
38 -11 1 0
-54 40 1 0
63 25 0 1
-39 -23 1 0
45 -1 1 0
-24 -18 0 1
25 51 0 1
54 30 0 1
-32 -31 1 0
0 -47 1 0
2 -6 1 0
-9 -17 0 1
-21 -5 1 0
65 -34 1 0
27 -45 1 0
25 -8 1 0
5 -24 1 0
-18 -31 0 1
-88 -1 0 1
14 76 0 1
58 52 1 0
20 -22 0 1
62 51 0 1
-24 -36 0 1
80 -2 0 1
-12 -38 1 0
-32 47 0 1
36 -39 0 1
-18 -31 1 0
-84 0 1 0
-69 -8 0 1
18 16 0 1
-19 -50 0 1
-23 -21 0 1
23 -40 0 1
-79 3 0 1
-39 -64 0 1
53 31 0 1
-23 -19 0 1
9 -70 0 1
-58 -54 1 0
8 -36 0 1
-25 41 1 0
-12 -31 0 1
3 34 0 1
65 -31 1 0
81 0 1 0
-32 -30 1 0
10 63 1 0
-33 -30 1 0
14 -61 0 1
12 -30 1 0
69 26 0 1
-46 -59 0 1
-46 26 0 1
-38 -76 1 0
-32 -25 0 1
-45 -69 0 1
-4 16 1 0
66 29 1 0
66 24 0 1
26 -42 0 1
-38 30 1 0
-81 1 1 0
41 20 1 0
20 -2 1 0
23 -45 1 0
42 -37 1 0
-38 -74 1 0
56 -9 0 1
37 -9 1 0
38 -53 1 0
-26 41 0 1
41 34 1 0
-27 -36 0 1
-2 -26 0 1
21 -8 1 0
39 17 0 1
-30 58 1 0
63 51 0 1
-30 -15 1 0
21 56 1 0
-5 -15 1 0
-22 -24 0 1
-47 35 1 0
-44 31 1 0
-23 30 1 0
-32 -31 1 0
55 4 1 0
55 -49 1 0
46 -1 1 0
71 39 0 1
-3 -24 1 0
15 -48 1 0
-51 31 0 1
-5 15 0 1
16 -22 0 1
29 -6 0 1
-17 38 1 0
-51 -50 1 0
-80 -7 1 0
20 -52 1 0
-7 -44 1 0
-2 -39 1 0
12 0 1 0
13 -18 1 0
39 -13 1 0
33 -41 1 0
7 71 0 1
-37 38 1 0
11 3 1 0
6 68 0 1
-89 -2 0 1
52 -33 1 0
14 42 0 1
52 -43 0 1
21 -38 0 1
-5 -4 1 0
-43 53 0 1
21 -6 0 1
-27 41 0 1
-26 43 0 1
4 29 1 0
-66 -10 1 0
58 -45 1 0
-72 -21 1 0
-38 51 1 0
61 -36 0 1
39 -40 0 1
64 -33 1 0
-58 -23 1 0
-55 28 1 0
-17 -1 0 1
-41 -10 0 1
-10 -11 0 1
53 -42 1 0
65 25 1 0
-89 -2 1 0
31 -29 0 1
-13 -34 0 1
7 -29 1 0
-79 0 0 1
-19 -50 0 1
56 3 1 0
45 -15 0 1
3 -8 1 0
9 1 1 0
22 -35 0 1
54 35 1 0
46 -28 0 1
-14 38 1 0
-43 52 0 1
6 48 0 1
-82 0 1 0
-41 -63 0 1
-1 -44 1 0
-42 53 0 1
55 -7 0 1
33 -24 0 1
18 2 0 1
57 42 0 1
9 72 0 1
-53 -63 1 0
-74 -23 1 0
15 76 0 1
-48 38 0 1
51 -57 0 1
-52 27 1 0
-43 -9 0 1
-2 72 0 1
52 -45 0 1
23 34 0 1
-40 -73 1 0
-7 57 0 1
-33 27 0 1
28 -1 0 1
28 0 1 0
64 -16 0 1
-78 1 0 1
24 26 0 1
23 -42 0 1
0 -4 0 1
-80 -9 0 1
23 30 1 0
-40 -73 1 0
-53 -54 0 1
65 31 0 1
-27 -43 1 0
-39 -15 0 1
-4 -3 0 1
50 32 0 1
50 -35 1 0
-7 45 0 1
25 -26 1 0
80 0 0 1
52 -56 0 1
-17 40 1 0
39 -29 1 0
-41 -14 0 1
-25 -33 0 1
13 -49 0 1
35 -22 0 1
39 21 0 1
-17 -51 0 1
-6 -46 0 1
0 45 0 1
6 -18 0 1
40 20 1 0
-14 61 0 1
40 -9 1 0
-72 -1 1 0
8 -73 0 1
21 57 1 0
20 -27 0 1
-36 19 1 0
63 -14 0 1
-17 -53 0 1
56 1 1 0
-36 34 1 0
27 30 1 0
-16 43 1 0
-9 18 0 1
18 -61 1 0
-32 -75 1 0
-11 -28 0 1
-33 37 1 0
-23 30 1 0
24 26 1 0
-57 47 0 1
-31 -13 1 0
15 -35 1 0
45 -3 0 1
54 0 0 1
-17 -39 0 1
53 -49 1 0
-8 -18 1 0
-27 43 0 1
-73 7 0 1
-33 -24 1 0
6 68 0 1
9 -6 0 1
-47 17 0 1
-31 56 1 0
0 -42 0 1
7 54 0 1
-22 -46 1 0
28 51 1 0
-54 35 0 1
-6 65 1 0
-22 70 1 0
4 70 1 0
-36 -17 0 1
-53 26 1 0
-49 -65 1 0
-11 58 0 1
51 34 1 0
-26 41 0 1
41 16 0 1
35 -30 0 1
25 62 1 0
55 1 1 0
18 -7 0 1
-36 28 1 0
31 -32 0 1
37 -36 1 0
10 -29 1 0
23 37 1 0
-24 -24 1 0
17 -64 1 0
44 18 1 0
1 -20 1 0
-20 -6 0 1
-28 41 1 0
15 -36 1 0
-9 64 0 1
42 -57 0 1
10 -69 1 0
-44 48 1 0
5 61 0 1
-73 -12 1 0
60 51 0 1
51 -41 1 0
0 -42 0 1
45 -14 0 1
69 40 1 0
-2 -39 1 0
-34 37 0 1
69 27 0 1
61 -19 1 0
-59 30 1 0
15 -41 0 1
-32 -73 1 0
11 73 1 0
15 -41 0 1
-18 22 1 0
-41 16 1 0
80 -2 0 1
20 -35 1 0
-50 35 1 0
13 0 0 1
-10 69 1 0
10 72 1 0
56 -47 1 0
3 32 0 1
-39 -62 1 0
-3 -21 1 0
-22 -33 1 0
-82 -3 0 1
44 -12 1 0
18 -8 1 0
-59 -24 1 0
80 -1 0 1
-7 32 0 1
21 -9 1 0
19 46 1 0
-80 -8 0 1
22 31 0 1
-75 -22 1 0
8 69 1 0
18 -52 1 0
-9 -12 1 0
8 -17 0 1
-37 60 0 1
-6 66 1 0
47 -39 0 1
56 -44 1 0
52 -42 0 1
52 54 1 0
12 -36 1 0
-26 -17 0 1
10 -71 0 1
76 2 0 1
35 -42 0 1
42 15 0 1
-22 33 1 0
-32 59 0 1
33 2 1 0
-28 52 1 0
58 43 1 0
-42 -14 0 1
71 37 1 0
33 -43 1 0
37 -36 0 1
29 -6 0 1
60 -13 1 0
66 24 0 1
80 -2 0 1
2 34 0 1
-46 28 0 1
60 45 1 0
48 -33 1 0
19 -19 0 1
22 32 0 1
3 71 0 1
-9 -32 0 1
74 -2 0 1
-16 -38 0 1
24 52 1 0
39 -40 0 1
-54 28 0 1
-28 -33 0 1
-38 20 0 1
51 30 1 0
-28 54 1 0
-42 47 1 0
38 -55 1 0
-47 -64 0 1
-19 28 0 1
-2 -19 0 1
-46 18 0 1
52 -7 1 0
11 -35 1 0
23 53 1 0
-22 -1 1 0
-40 52 0 1
5 -10 0 1
-23 -2 0 1
22 21 0 1
-23 -2 0 1
-21 42 0 1
-57 36 1 0
-49 -71 0 1
-56 -56 1 0
-15 -20 0 1
23 -36 0 1
-12 -26 0 1
-58 -24 0 1
-9 51 1 0
35 -42 0 1
-6 55 0 1
35 -30 0 1
4 -28 0 1
25 62 1 0
17 -42 0 1
3 -8 1 0
-55 28 1 0
-50 40 0 1
70 26 0 1
-33 40 1 0
-17 27 0 1
6 7 1 0
52 34 1 0
-4 0 1 0
55 28 1 0
-36 -65 0 1
-72 -11 0 1
40 -58 0 1
-41 53 0 1
-25 43 0 1
-44 19 0 1
-30 -22 0 1
-54 48 0 1
26 -48 1 0
3 -31 1 0
-42 31 0 1
18 14 0 1
64 -15 1 0
-43 29 0 1
52 -7 1 0
22 17 0 1
78 -6 1 0
-59 30 1 0
-13 -19 0 1
19 -4 1 0
-10 -11 1 0
-13 -10 0 1
-59 39 0 1
-13 52 0 1
6 27 1 0
-30 -23 0 1
-3 52 0 1
9 -6 0 1
-48 41 1 0
-3 67 0 1
-37 -28 1 0
9 1 1 0
26 54 1 0
-41 -11 0 1
50 -42 0 1
-14 -18 0 1
-54 -56 0 1
15 1 0 1
-19 -24 0 1
8 -30 0 1
-53 41 0 1
-53 -64 1 0
-44 19 0 1
9 72 0 1
63 24 0 1
-3 -3 1 0
69 27 0 1
-40 -75 0 1
0 -48 1 0
-80 -9 0 1
-42 -76 0 1
-53 -57 1 0
47 -12 1 0
10 -49 0 1
3 43 0 1
21 64 0 1
-67 -11 1 0
-7 45 0 1
-25 33 0 1
-2 63 1 0
23 63 1 0
0 -4 0 1
-17 -52 0 1
45 -21 0 1
-42 52 1 0
-42 50 0 1
23 68 1 0
-31 56 1 0
52 -46 1 0
8 69 1 0
-13 62 1 0
3 75 1 0
-74 3 1 0
-4 -23 0 1
18 -8 1 0
-59 49 1 0
49 -49 1 0
24 16 1 0
11 57 0 1
0 -42 0 1
-22 -21 0 1
51 32 1 0
-88 -1 0 1
36 -43 1 0
-14 -39 0 1
24 50 0 1
8 3 1 0
-51 -50 1 0
-57 30 1 0
19 4 0 1
53 -39 1 0
63 51 0 1
-15 -27 0 1
-15 -8 1 0
21 -38 0 1
0 72 0 1
-51 -50 1 0
-10 -19 1 0
44 -23 0 1
12 -38 0 1
31 -33 1 0
50 -36 0 1
-57 48 0 1
-46 -74 0 1
23 16 0 1
40 35 1 0
-32 -17 0 1
12 42 1 0
75 1 0 1
-41 34 1 0
35 -30 0 1
59 45 1 0
54 -25 0 1
-3 67 0 1
25 18 0 1
19 49 1 0
13 65 0 1
14 -61 0 1
69 26 1 0
0 1 0 1
-88 -5 0 1
49 -55 1 0
17 -60 1 0
-39 -72 0 1
-2 71 0 1
-44 25 0 1
63 25 0 1
-18 51 0 1
12 -40 0 1
-73 -2 1 0
-4 62 1 0
-47 11 1 0
5 57 1 0
-51 -57 1 0
-21 31 1 0
-55 -50 1 0
40 19 0 1
24 -3 0 1
41 -56 1 0
20 -4 0 1
0 -17 0 1
-34 -29 0 1
10 -27 1 0
-20 70 0 1
-76 -22 1 0
17 -54 0 1
55 36 1 0
64 23 1 0
-7 -32 1 0
76 0 0 1
-12 -41 1 0
11 0 1 0
-48 -65 0 1
-12 -31 1 0
-2 60 0 1
-55 -48 0 1
-55 31 1 0
2 -13 1 0
29 55 0 1
21 -34 1 0
-24 -35 0 1
38 -47 0 1
-59 39 0 1
-81 2 1 0
-78 3 0 1
-73 -9 1 0
40 -9 0 1
-18 -53 0 1
-4 -14 1 0
-74 2 1 0
-5 15 0 1
38 -33 1 0
27 -14 1 0
-19 53 1 0
25 -5 1 0
-14 60 0 1
-11 35 1 0
-7 64 0 1
55 -38 0 1
-24 -28 1 0
33 0 0 1
-52 28 1 0
3 79 1 0
0 -16 1 0
-88 -1 1 0
-8 1 1 0
-47 37 0 1
55 -49 0 1
-15 -38 0 1
21 -36 0 1
-8 -12 1 0
13 -31 1 0
-59 -51 1 0
1 -22 1 0
59 29 1 0
-84 -2 1 0
-15 27 0 1
65 -17 0 1
-53 43 1 0
29 -4 0 1
13 -58 1 0
-4 -14 1 0
-12 -31 0 1
-49 -69 1 0
59 45 1 0
23 -20 0 1
60 49 1 0
75 2 0 1
-25 -39 0 1
48 -35 0 1
-49 40 0 1
15 -60 1 0
-78 -6 1 0
19 70 1 0
-49 -57 1 0
25 -44 1 0
-18 -48 1 0
-67 -12 1 0
14 -50 1 0
-19 -27 0 1
16 0 0 1
5 71 0 1
-43 -15 0 1
31 0 0 1
-14 -5 1 0
50 31 0 1
57 -43 1 0
8 -65 1 0
-26 -41 1 0
66 24 0 1
-49 8 0 1
72 -30 0 1
-22 30 1 0
16 -55 1 0
60 -46 0 1
4 70 1 0
-19 -25 0 1
17 -36 1 0
-51 41 1 0
-9 35 1 0
19 -10 1 0
7 76 0 1
64 34 0 1
-13 0 1 0
65 23 0 1
-77 -22 1 0
-9 31 1 0
-38 32 0 1
-32 32 1 0
53 -55 1 0
35 -42 1 0
21 -57 0 1
23 21 0 1
28 -45 1 0
0 -30 1 0
-1 61 1 0
-18 22 0 1
-36 18 1 0
-26 -43 1 0
6 -71 1 0
47 -27 1 0
-56 -46 1 0
-10 65 0 1
63 -36 1 0
17 -50 0 1
-72 -12 0 1
-38 18 0 1
55 2 0 1
17 -56 0 1
78 1 0 1
56 32 1 0
-13 24 0 1
5 -30 0 1
19 55 1 0
33 -10 1 0
-10 34 0 1
-2 -14 1 0
-9 -35 0 1
7 55 0 1
-37 -15 0 1
-79 1 0 1
-37 56 0 1
-47 15 1 0
-1 15 1 0
30 -7 0 1
52 -10 1 0
20 52 0 1
-73 -3 0 1
-7 -47 0 1
5 55 1 0
51 -47 1 0
-46 -70 1 0
5 68 1 0
68 -28 1 0
26 30 1 0
-79 0 0 1
-2 -7 1 0
38 -16 0 1
13 75 1 0
-53 -48 0 1
-42 -72 0 1
-79 0 0 1
-9 0 0 1
-18 -53 0 1
22 -41 1 0
10 57 0 1
3 -41 1 0
-30 51 0 1
16 -25 0 1
23 25 0 1
58 -50 1 0
-9 -38 1 0
-2 61 0 1
-48 28 1 0
6 7 1 0
17 -16 0 1
37 -12 0 1
10 -49 0 1
11 56 0 1
75 0 0 1
12 43 1 0
18 70 1 0
23 -43 1 0
63 -18 0 1
-52 30 1 0
8 6 0 1
51 -46 1 0
58 -50 1 0
-41 16 1 0
-59 -51 1 0
39 -55 1 0
51 -5 0 1
-54 48 0 1
-54 -46 1 0
-31 57 1 0
-36 -65 0 1
-25 -36 0 1
9 -65 0 1
-57 -41 1 0
-50 -65 1 0
9 -43 1 0
-28 -40 0 1
-57 48 0 1
-83 -2 1 0
32 -31 0 1
-60 -46 1 0
-16 -48 0 1
-41 -14 0 1
-8 -46 1 0
-12 57 1 0
0 -43 0 1
-41 16 1 0
-55 48 0 1
-41 29 0 1
-47 13 1 0
13 44 0 1
42 -42 1 0
22 -34 0 1
-37 -74 0 1
-33 56 1 0
24 51 0 1
-50 -70 0 1
-1 -30 0 1
-42 37 1 0
-55 -62 1 0
-58 34 0 1
-14 -1 0 1
-47 33 0 1
-49 32 1 0
-35 37 0 1
-61 -49 1 0
-7 -12 0 1
-4 65 0 1
6 30 1 0
-12 -9 0 1
-46 -77 1 0
-46 -63 0 1
10 -16 1 0
-7 67 1 0
25 -20 0 1
-32 -14 1 0
37 -37 1 0
46 0 0 1
44 18 1 0
12 -1 0 1
-23 -39 1 0
63 43 1 0
-83 -1 1 0
45 -14 0 1
-53 28 1 0
-2 -10 1 0
37 -59 1 0
25 -40 0 1
50 58 1 0
39 -31 0 1
-32 -12 0 1
-29 42 1 0
9 6 1 0
74 -1 0 1
23 57 1 0
-36 -23 1 0
35 -13 1 0
60 -35 1 0
36 -38 0 1
62 51 0 1
22 -37 0 1
-75 -11 1 0
6 61 1 0
-8 -10 1 0
-21 -41 0 1
-53 -56 0 1
52 -44 0 1
-14 -35 1 0
49 55 1 0
-46 -72 0 1
15 61 1 0
0 -4 0 1
-38 20 0 1
-10 -28 0 1
2 32 1 0
2 32 1 0
-56 46 1 0
64 -31 1 0
23 25 1 0
11 38 0 1
-5 74 1 0
-48 -64 0 1
5 49 1 0
59 -46 0 1
-40 -16 0 1
-9 0 0 1
32 -29 1 0
7 56 1 0
-24 44 1 0
-19 29 1 0
55 -6 0 1
60 49 1 0
39 32 1 0
4 -34 1 0
8 60 1 0
53 -42 1 0
33 -24 0 1
-34 57 1 0
-37 -22 1 0
-44 32 1 0
34 -41 0 1
-13 -19 1 0
44 -11 1 0
10 -66 1 0
-15 47 0 1
-13 -31 0 1
-27 -34 0 1
-2 -31 0 1
-2 -48 1 0
48 -34 1 0
46 -14 1 0
5 29 0 1
13 64 0 1
22 -46 1 0
-34 62 0 1
12 79 1 0
-3 69 1 0
71 -28 0 1
-15 -19 0 1
-78 -11 1 0
0 2 0 1
-30 54 0 1
-7 65 1 0
-30 48 1 0
-33 41 1 0
-5 -1 1 0
19 70 0 1
19 -19 0 1
16 -24 0 1
30 -28 0 1
-85 -2 1 0
-24 -25 1 0
62 24 0 1
31 -23 0 1
-32 -29 0 1
55 29 1 0
-15 -27 0 1
63 -35 1 0
8 -10 0 1
31 -22 0 1
-22 -30 0 1
-47 -74 0 1
-58 -24 1 0
15 0 1 0
22 23 1 0
-33 -27 0 1
-74 -15 0 1
-17 -39 0 1
6 77 0 1
53 -1 1 0
-16 -38 0 1
49 -3 1 0
49 -15 1 0
44 -23 1 0
1 -10 1 0
56 -48 1 0
19 -56 1 0
-38 50 1 0
-12 51 1 0
-66 -10 1 0
-49 35 1 0
-55 39 1 0
38 -13 1 0
50 -53 0 1
21 -37 1 0
45 -1 0 1
67 39 1 0
41 -41 0 1
10 -57 1 0
17 -9 1 0
-23 -2 0 1
5 46 1 0
0 -20 1 0
8 70 0 1
-7 -35 0 1
65 31 0 1
-54 -40 1 0
-4 15 1 0
29 3 1 0
15 -20 0 1
-41 -14 0 1
17 -17 0 1
-40 18 0 1
-7 -19 1 0
-25 -39 1 0
-58 -56 1 0
23 37 0 1
-50 10 1 0
11 -30 1 0
27 -14 1 0
-33 27 1 0
32 -33 0 1
35 -22 1 0
22 31 1 0
4 71 1 0
18 -49 0 1
12 -2 1 0
18 16 0 1
63 48 0 1
-23 -31 0 1
-67 -10 1 0
53 35 1 0
27 -12 1 0
23 34 0 1
-42 15 1 0
-36 58 0 1
64 53 0 1
70 26 0 1
16 -62 0 1
53 -2 1 0
39 21 1 0
-11 20 0 1
-19 -29 0 1
-10 -11 0 1
12 -4 1 0
62 27 0 1
58 42 0 1
71 37 1 0
-42 49 1 0
-28 -41 0 1
66 29 1 0
-46 40 1 0
-30 -26 1 0
-70 -11 0 1
27 -41 0 1
-84 2 1 0
-27 -36 0 1
-38 -24 1 0
-83 0 0 1
-28 44 1 0
-30 -25 1 0
-40 -10 0 1
9 60 1 0
41 -30 1 0
-71 -1 0 1
62 -18 0 1
22 -46 0 1
30 -22 0 1
24 -16 0 1
-16 -49 0 1
51 31 0 1
-17 -40 0 1
-11 63 1 0
-34 56 0 1
24 57 0 1
-62 30 1 0
64 31 0 1
15 0 1 0
-73 -12 0 1
31 0 0 1
28 -42 0 1
-46 -70 0 1
38 -13 0 1
-73 7 1 0
2 72 0 1
-36 38 0 1
6 -8 1 0
-45 -75 1 0
41 18 0 1
-30 46 0 1
65 42 1 0
25 -8 1 0
63 23 0 1
-52 32 0 1
-75 -2 1 0
-13 50 1 0
33 -25 1 0
12 -1 1 0
16 -24 0 1
-35 -63 0 1
5 -10 1 0
42 -57 0 1
12 51 0 1
8 77 0 1
-6 26 1 0
54 34 1 0
-86 0 1 0
42 18 1 0
-10 -38 1 0
-16 -48 0 1
-2 -39 1 0
19 62 1 0
-66 -17 1 0
-8 -3 0 1
19 -21 0 1
-51 -57 1 0
6 63 0 1
-11 0 1 0
-55 -49 0 1
10 -27 1 0
-3 -32 1 0
-22 -23 1 0
45 -4 0 1
8 -5 1 0
22 -35 0 1
78 1 0 1
7 -36 1 0
-8 -13 1 0
38 -9 0 1
-6 26 0 1
-57 48 0 1
-10 62 1 0
42 -56 0 1
30 -23 0 1
-3 68 0 1
-52 27 1 0
1 46 1 0
13 79 1 0
0 44 0 1
-66 -9 0 1
44 33 1 0
-5 74 1 0
-12 30 1 0
-45 18 0 1
-37 36 0 1
33 -23 0 1
-36 -26 1 0
-11 3 1 0
-41 36 1 0
69 40 1 0
-78 0 0 1
63 53 0 1
38 -33 1 0
-28 -35 0 1
-44 37 1 0
51 -48 1 0
-25 -39 0 1
55 2 0 1
-47 20 1 0
-14 47 1 0
-71 -12 1 0
-22 70 0 1
29 -2 1 0
-9 50 1 0
-68 -11 0 1
-51 34 1 0
-80 -10 0 1
15 56 1 0
0 -47 1 0
54 34 1 0
5 30 1 0
11 40 0 1
-14 -17 0 1
-40 46 1 0
23 -21 0 1
-25 -39 0 1
-2 53 0 1
21 22 0 1
-46 17 0 1
-74 2 1 0
8 50 0 1
-34 56 0 1
-57 -41 0 1
-46 -64 0 1
-41 -6 1 0
-40 28 0 1
43 17 0 1
-43 37 1 0
42 34 1 0
6 63 0 1
31 -31 0 1
-31 50 1 0
38 -16 0 1
71 -29 0 1
-45 18 0 1
-79 -11 0 1
-41 18 1 0
11 59 0 1
15 -20 0 1
49 -42 0 1
-1 -47 0 1
67 40 1 0
-59 -22 1 0
32 -11 0 1
-20 71 1 0
34 -11 1 0
-42 28 0 1
39 -59 1 0
-53 -54 0 1
-58 -44 0 1
-33 -29 0 1
63 -32 1 0
-53 -47 0 1
-48 17 1 0
-26 39 0 1
-3 -26 0 1
63 -20 1 0
9 58 0 1
0 1 1 0
33 1 0 1
4 -36 0 1
-44 19 0 1
60 -45 0 1
-30 -73 1 0
-20 -8 0 1
-5 53 0 1
0 -48 0 1
27 -45 1 0
35 -29 0 1
-10 16 1 0
-17 -53 0 1
22 -35 0 1
36 -44 1 0
43 17 1 0
-45 18 0 1
-21 42 0 1
2 72 0 1
19 62 1 0
21 -38 0 1
10 -65 1 0
18 62 1 0
-2 61 0 1
3 -5 1 0
-43 19 0 1
-56 40 0 1
-16 42 0 1
-32 -24 1 0
68 31 0 1
37 16 1 0
30 -21 0 1
-18 -40 1 0
6 -74 0 1
-53 -48 0 1
64 24 0 1
22 57 0 1
55 -49 0 1
-59 48 1 0
-22 -26 1 0
9 40 1 0
19 -4 0 1
42 36 0 1
-69 -7 1 0
62 51 0 1
18 54 0 1
71 -29 0 1
18 -9 1 0
-4 15 0 1
-13 -34 0 1
62 -33 1 0
7 -35 1 0
6 45 1 0
-9 48 1 0
-57 46 1 0
37 -44 1 0
-77 0 0 1
37 -16 1 0
-26 -36 1 0
-79 -6 0 1
0 16 1 0
51 -8 1 0
-74 0 1 0
-33 -26 0 1
2 72 0 1
-57 -57 1 0
58 52 0 1
-20 -7 0 1
-3 -32 0 1
8 -17 0 1
28 30 1 0
9 66 1 0
-27 52 1 0
7 -29 0 1
-16 -38 0 1
-46 -59 0 1
-74 0 1 0
-13 62 0 1
-45 34 1 0
-3 -26 0 1
50 -43 0 1
49 -53 0 1
-40 -63 0 1
-1 50 1 0
25 -24 1 0
-29 -23 0 1
42 -5 1 0
-85 -1 1 0
-47 -62 1 0
-21 -29 0 1
-13 -19 1 0
-12 58 1 0
9 41 0 1
-25 36 0 1
-48 37 0 1
-21 -28 0 1
55 28 1 0
50 -34 1 0
59 -46 1 0
-15 27 0 1
42 -2 1 0
-53 35 1 0
-20 28 1 0
34 -34 0 1
-73 -15 0 1
16 50 1 0
22 46 0 1
-31 -11 0 1
-32 53 1 0
-62 30 1 0
-4 -10 1 0
62 52 1 0
16 -24 0 1
-56 48 1 0
56 3 0 1
1 33 0 1
33 2 1 0
51 -9 0 1
-68 -12 1 0
-28 -41 0 1
66 37 1 0
57 40 0 1
62 -13 1 0
-24 31 1 0
1 65 1 0
-30 48 1 0
-3 -32 0 1
63 -15 0 1
-38 18 0 1
23 35 0 1
8 48 1 0
12 -31 0 1
-81 -1 0 1
-74 1 1 0
-37 51 1 0
43 -7 1 0
52 -52 0 1
12 0 0 1
64 30 0 1
-41 -10 0 1
29 -29 0 1
-26 43 0 1
-45 -69 1 0
-16 -18 1 0
65 32 1 0
20 52 0 1
-36 -63 0 1
-42 -10 0 1
63 51 0 1
9 -43 1 0
-85 1 0 1
-59 48 1 0
12 0 0 1
38 -1 1 0
21 46 1 0
-27 52 0 1
21 44 0 1
69 -26 0 1
70 -27 0 1
-22 32 1 0
-4 64 1 0
-33 29 1 0
-30 -12 1 0
61 -34 1 0
6 -42 0 1
-13 -20 0 1
51 -56 0 1
-8 66 1 0
0 45 0 1
10 -70 1 0
33 1 0 1
-2 -19 0 1
-44 37 1 0
-74 -7 1 0
-17 -17 1 0
-22 -2 0 1
-23 -37 0 1
11 39 1 0
59 -35 1 0
-84 0 0 1
-19 29 0 1
-20 27 1 0
34 -42 1 0
-7 -17 1 0
-75 -22 1 0
6 -42 0 1
-73 1 1 0
-58 33 1 0
-56 -55 0 1
-10 46 1 0
-55 -61 1 0
-9 -2 0 1
21 16 1 0
15 56 1 0
62 51 0 1
3 -20 1 0
15 -53 1 0
-37 51 0 1
-77 0 0 1
48 32 0 1
52 -11 0 1
-38 35 1 0
54 41 1 0
31 -26 1 0
-39 22 1 0
33 -10 1 0
20 49 1 0
-5 -5 1 0
-7 20 1 0
-13 -25 1 0
29 1 0 1
48 -26 1 0
-1 -18 1 0
21 -6 1 0
40 -9 1 0
17 53 1 0
9 72 0 1
-2 50 0 1
-58 32 1 0
23 -5 1 0
15 -41 0 1
-63 -45 0 1
40 35 1 0
50 -10 0 1
-46 28 1 0
-10 69 0 1
-27 -43 1 0
-20 44 1 0
80 0 0 1
-7 20 0 1
-77 0 0 1
25 30 1 0
14 54 0 1
-47 -74 0 1
31 1 0 1
18 -34 1 0
23 0 0 1
-11 -28 0 1
13 58 1 0
-13 -34 0 1
-9 17 0 1
-31 47 1 0
3 76 1 0
-29 -36 1 0
-9 35 0 1
10 64 1 0
19 -49 0 1
-52 -55 1 0
-39 54 1 0
55 40 1 0
10 -34 1 0
-4 67 1 0
-12 -25 0 1
-47 12 1 0
38 -53 1 0
56 32 0 1
16 -61 1 0
55 -38 0 1
0 -43 0 1
-11 70 1 0
6 75 0 1
11 -72 0 1
-79 1 0 1
-53 42 0 1
-30 -22 0 1
26 -28 1 0
51 31 0 1
23 38 1 0
29 -2 0 1
-58 -44 0 1
-74 -20 1 0
52 -47 0 1
40 -56 1 0
56 -2 0 1
8 79 1 0
54 -25 1 0
66 -16 0 1
-59 -44 0 1
55 34 1 0
41 -55 1 0
60 -13 1 0
37 -42 1 0
35 -23 0 1
25 -25 0 1
50 -3 1 0
24 57 1 0
-5 64 0 1
21 57 0 1
-11 -9 1 0
13 -48 1 0
19 -49 0 1
-37 -25 0 1
-49 -62 1 0
-2 13 0 1
-58 -57 1 0
50 -43 0 1
13 -35 1 0
23 57 1 0
-11 52 1 0
-14 58 1 0
-75 -22 1 0
-9 -32 0 1
-80 0 0 1
-12 30 1 0
-33 41 0 1
-45 -66 0 1
30 -7 0 1
-39 30 0 1
20 -21 0 1
-15 54 0 1
10 72 0 1
15 -35 1 0
59 43 1 0
-25 -39 0 1
59 -32 1 0
0 46 0 1
-11 -2 1 0
-28 53 1 0
-67 2 1 0
-7 -45 1 0
55 -8 0 1
7 76 0 1
11 -18 0 1
60 51 1 0
54 31 1 0
-5 27 1 0
53 -5 1 0
-15 -35 0 1
-16 53 1 0
34 -43 1 0
10 0 1 0
26 -26 0 1
-38 33 0 1
-31 -75 1 0
-29 -39 1 0
-46 41 1 0
55 -1 1 0
-46 -66 0 1
0 55 1 0
-19 -50 0 1
44 -12 1 0
-45 29 1 0
23 -36 0 1
-54 -48 0 1
-31 47 1 0
8 3 0 1
19 -60 1 0
-9 -27 1 0
-3 52 0 1
42 18 0 1
9 -72 0 1
46 -19 0 1
56 -3 0 1
-40 -72 0 1
16 -61 1 0
-8 64 0 1
-4 -3 1 0
-20 43 0 1
-4 -2 0 1
-57 -55 1 0
-42 -14 0 1
7 -5 1 0
8 -73 1 0
7 50 1 0
-32 31 1 0
-85 1 0 1
15 76 0 1
1 -20 1 0
-28 54 1 0
27 -2 0 1
41 -41 0 1
3 44 1 0
26 0 0 1
7 7 1 0
37 -59 0 1
-79 -6 1 0
64 50 1 0
-16 -49 1 0
-27 -47 1 0
-28 -38 1 0
-37 30 1 0
-12 3 1 0
29 -35 0 1
-45 51 0 1
-63 -46 0 1
-57 48 0 1
-31 38 1 0
-30 -72 1 0
-35 49 0 1
-13 -34 0 1
15 0 0 1
-35 -15 1 0
71 -27 0 1
18 -54 0 1
31 -22 0 1
-4 -8 1 0
16 17 0 1
9 0 1 0
17 -51 0 1
65 31 0 1
35 -6 0 1
-11 51 1 0
-1 -13 1 0
-22 -30 0 1
-11 66 1 0
50 -47 0 1
10 -18 0 1
-25 -19 0 1
-34 63 0 1
42 -56 0 1
-9 39 1 0
-19 -51 1 0
74 -2 0 1
18 60 0 1
71 -27 0 1
-40 -63 1 0
-28 -36 0 1
5 63 1 0
21 44 1 0
-57 46 1 0
-14 -18 0 1
13 -1 1 0
8 -71 1 0
59 -44 0 1
-58 -23 1 0
7 81 1 0
8 -52 1 0
29 -30 1 0
-69 -10 0 1
-17 -37 1 0
-41 -71 0 1
-47 11 0 1
49 -52 1 0
54 33 1 0
47 -2 1 0
-32 -17 1 0
-12 -10 1 0
63 -14 1 0
-20 -6 0 1
-7 20 1 0
18 19 0 1
16 -51 1 0
6 -75 0 1
-9 17 0 1
-13 24 1 0
11 52 1 0
-25 -48 1 0
61 46 0 1
-16 38 0 1
16 57 1 0
-14 47 0 1
3 34 0 1
8 6 0 1
9 -16 0 1
-12 30 1 0
22 22 0 1
14 43 1 0
65 37 1 0
-41 -9 0 1
23 -20 0 1
20 -3 1 0
21 -34 0 1
-41 -73 0 1
-24 -34 0 1
-3 13 1 0
28 -6 0 1
19 62 1 0
1 65 1 0
-22 -23 0 1
75 -2 0 1
10 51 1 0
31 -21 0 1
-73 -10 1 0
-18 -6 1 0
10 64 0 1
-53 -58 1 0
54 -54 1 0
-67 -13 1 0
48 -48 1 0
3 32 0 1
-44 -79 1 0
-42 18 0 1
-79 -6 1 0
-51 31 0 1
-33 25 1 0
-36 -64 0 1
52 31 0 1
-34 -35 1 0
23 -21 0 1
0 -4 0 1
49 -4 1 0
80 2 1 0
-3 53 1 0
-39 -77 1 0
-53 -52 0 1
0 -44 0 1
63 46 1 0
-31 38 0 1
-2 12 0 1
-20 71 1 0
29 1 0 1
22 53 0 1
-4 -14 1 0
-42 28 0 1
-1 50 0 1
-38 -24 1 0
-35 52 1 0
39 17 0 1
0 -42 0 1
-39 46 0 1
-74 -15 1 0
39 0 1 0
0 -17 1 0
51 -38 0 1
-46 52 1 0
-74 2 1 0
5 -24 1 0
37 -12 0 1
-5 -21 0 1
-38 58 0 1
-41 -73 0 1
21 -18 1 0
2 44 0 1
-52 -50 1 0
-55 -62 1 0
-13 30 1 0
-23 -11 1 0
-48 -71 0 1
-33 39 1 0
-4 14 1 0
1 -22 1 0
18 -61 0 1
44 -29 0 1
-10 -6 1 0
-41 38 1 0
0 45 1 0
-2 -19 0 1
-55 -47 0 1
14 -4 0 1
52 -55 1 0
-6 63 0 1
-46 57 1 0
22 21 1 0
19 46 1 0
9 -29 1 0
-16 0 1 0
17 -40 1 0
32 0 0 1
-13 -9 0 1
-7 -11 1 0
8 -6 1 0
41 -41 1 0
-10 33 0 1
-5 -47 0 1
64 31 0 1
-45 51 1 0
-46 12 1 0
35 -11 1 0
69 -28 0 1
26 -22 0 1
4 57 1 0
12 0 1 0
67 26 1 0
-28 -40 0 1
17 -61 1 0
-59 48 0 1
-38 34 1 0
14 -4 1 0
2 61 1 0
6 -74 0 1
21 29 1 0
43 17 1 0
-42 -14 0 1
-23 33 0 1
-34 26 1 0
55 37 1 0
-7 52 0 1
14 53 1 0
23 19 0 1
17 55 0 1
52 -56 1 0
21 -42 0 1
-36 30 1 0
23 -35 0 1
25 -3 1 0
29 55 0 1
41 19 1 0
-36 -64 0 1
-10 4 1 0
63 53 0 1
61 -45 1 0
-60 31 1 0
-34 52 0 1
66 26 1 0
-30 54 1 0
6 68 1 0
26 -42 1 0
-49 8 1 0
63 47 1 0
-76 -11 1 0
-12 -1 1 0
-11 -34 1 0
4 66 0 1
61 -32 1 0
45 -22 0 1
43 -35 1 0
45 -19 0 1
-55 31 0 1
-70 -9 1 0
-10 0 1 0
-52 31 1 0
57 -49 1 0
56 42 1 0
63 24 0 1
-51 31 0 1
-43 58 1 0
-33 39 1 0
14 75 0 1
-48 40 0 1
-20 28 1 0
-43 -65 1 0
49 -37 0 1
38 0 0 1
-22 -24 1 0
-76 -21 1 0
7 76 0 1
-59 -42 1 0
-17 -52 0 1
63 31 0 1
68 -28 0 1
-24 -36 0 1
52 -43 0 1
-36 -63 0 1
23 32 1 0
58 45 1 0
19 67 0 1
59 -45 1 0
-17 28 1 0
66 25 1 0
-26 41 0 1
61 -34 1 0
17 -56 0 1
-10 16 0 1
37 -14 1 0
35 -21 0 1
-57 48 0 1
41 34 1 0
-20 -29 1 0
12 51 0 1
10 59 0 1
30 -28 0 1
-8 17 0 1
-39 -72 0 1
-31 52 0 1
-39 29 0 1
0 2 0 1
-41 53 1 0
-33 27 0 1
-10 -36 0 1
-60 -54 1 0
8 61 1 0
64 43 1 0
-41 39 1 0
-12 70 1 0
28 53 1 0
2 47 1 0
45 -4 1 0
34 -40 1 0
-33 48 0 1
12 -19 1 0
11 -38 0 1
11 53 1 0
33 -11 1 0
-46 29 1 0
-48 -67 0 1
-21 27 1 0
-54 -40 1 0
-16 49 1 0
58 -15 0 1
57 -7 0 1
4 31 1 0
47 -30 0 1
-53 38 1 0
2 -6 0 1
24 57 0 1
35 -14 1 0
9 0 1 0
50 -48 0 1
-49 -69 1 0
11 52 0 1
52 -54 1 0
22 49 1 0
-58 -23 1 0
-75 -18 1 0
25 -24 1 0
40 19 0 1
63 48 0 1
23 -48 1 0
-76 -1 1 0
-55 -47 1 0
34 -20 1 0
49 -4 1 0
64 -19 1 0
57 -44 1 0
63 53 0 1
-37 -23 1 0
56 42 1 0
51 57 1 0
15 2 1 0
65 -31 1 0
35 -11 1 0
-53 30 1 0
40 20 1 0
3 31 0 1
-3 -14 1 0
-2 53 1 0
-38 31 0 1
17 51 1 0
-15 -27 0 1
80 -2 0 1
68 39 1 0
-78 -7 1 0
-23 -21 0 1
-36 44 1 0
-17 53 1 0
-29 -36 0 1
-10 18 0 1
-3 -26 0 1
44 16 1 0
-22 33 1 0
43 -6 1 0
-1 -14 1 0
-29 -23 0 1
-33 50 1 0
11 65 0 1
-33 46 1 0
7 -45 1 0
-24 31 0 1
-45 33 1 0
10 -51 0 1
-40 46 0 1
0 -43 0 1
62 51 0 1
-41 -14 0 1
35 -22 0 1
17 47 1 0
-22 32 1 0
-7 -4 1 0
41 -58 1 0
-11 63 0 1
-35 51 0 1
-17 -50 0 1
37 -59 1 0
62 52 1 0
-29 53 1 0
13 -50 1 0
-2 70 1 0
16 2 0 1
21 56 1 0
21 18 1 0
2 44 0 1
-9 -31 1 0
-38 34 0 1
-4 69 1 0
-33 27 0 1
27 48 0 1
-2 -10 1 0
75 -1 1 0
-10 56 1 0
43 17 0 1
-7 -12 0 1
-53 -55 1 0
-57 -52 1 0
10 58 1 0
-39 -73 0 1
-82 2 1 0
-27 -47 1 0
-41 -8 1 0
2 -6 0 1
55 32 1 0
-82 4 1 0
21 -7 1 0
29 -6 0 1
-11 0 1 0
-11 29 1 0
-18 1 1 0
-5 -2 1 0
31 -23 0 1
-20 28 0 1
54 -54 1 0
-8 47 1 0
27 -3 0 1
55 -9 1 0
-34 52 0 1
49 -27 1 0
23 56 0 1
69 26 0 1
-27 -22 1 0
-25 -19 0 1
-9 18 0 1
-45 -66 0 1
7 -44 1 0
23 -20 0 1
8 6 0 1
24 54 1 0
36 -2 0 1
59 -34 1 0
8 82 1 0
28 -43 0 1
61 46 1 0
46 0 0 1
20 -8 1 0
-39 18 0 1
68 -25 0 1
-29 42 0 1
48 -18 0 1
-61 -49 1 0
46 0 0 1
22 21 1 0
-55 -55 1 0
-19 -22 0 1
-16 25 1 0
-30 -36 0 1
43 17 1 0
23 35 0 1
-3 68 0 1
47 -39 0 1
32 -32 0 1
4 32 0 1
11 59 0 1
54 31 0 1
80 0 0 1
15 -61 0 1
-19 -7 1 0
58 42 1 0
4 57 1 0
-53 27 1 0
-56 -45 0 1
59 41 1 0
63 52 0 1
61 -32 1 0
18 2 0 1
-45 57 0 1
43 -30 1 0
-38 29 1 0
17 48 1 0
-42 58 0 1
-31 51 0 1
-27 -36 0 1
23 59 1 0
1 64 1 0
-8 17 0 1
-82 -3 0 1
-53 -64 1 0
-8 -13 1 0
-2 -26 0 1
57 -3 1 0
-15 -2 1 0
-16 53 1 0
-58 -54 1 0
-31 32 1 0
10 -34 0 1
-7 -32 1 0
-10 69 0 1
-5 -15 1 0
-38 20 0 1
22 -20 0 1
39 17 0 1
64 32 0 1
-18 0 1 0
-48 -64 0 1
24 52 1 0
-58 -48 0 1
44 -6 0 1
-51 -55 1 0
-62 30 0 1
-18 -2 1 0
-14 47 1 0
63 -15 0 1
-43 18 1 0
51 31 0 1
0 2 1 0
35 -24 0 1
-58 -29 0 1
-55 48 1 0
49 -53 0 1
24 58 0 1
-28 -29 1 0
6 -4 0 1
-38 52 1 0
-73 -9 1 0
-2 72 0 1
67 -28 0 1
-19 -28 0 1
-50 33 0 1
40 0 1 0
57 38 1 0
-13 -3 1 0
71 -28 0 1
23 -48 1 0
22 -34 0 1
52 -52 0 1
26 -15 1 0
-1 -27 1 0
-70 -13 1 0
58 43 1 0
-35 -70 1 0
17 -49 0 1
63 25 0 1
-32 -28 1 0
10 -52 0 1
25 -22 1 0
14 76 0 1
-1 -26 1 0
35 -24 0 1
-27 -24 0 1
9 -33 0 1
-2 67 0 1
1 73 1 0
23 18 0 1
-17 -2 0 1
-13 -4 1 0
-56 -62 1 0
6 66 1 0
-38 -25 0 1
-17 -12 1 0
80 -2 0 1
-41 56 1 0
63 53 0 1
15 -49 1 0
25 -24 0 1
-31 54 0 1
-53 -58 1 0
58 -3 1 0
33 -2 0 1
-47 -59 1 0
-26 41 0 1
-48 -67 0 1
-24 -24 1 0
-48 9 1 0
-15 54 1 0
30 -36 0 1
50 32 0 1
-73 -11 1 0
46 -1 1 0
26 -48 1 0
45 -8 1 0
-54 49 1 0
-33 46 0 1
-55 30 1 0
13 63 0 1
39 -30 1 0
-39 -72 0 1
10 -31 1 0
-40 55 0 1
56 4 1 0
37 0 0 1
22 -36 0 1
37 -59 0 1
47 -30 0 1
36 -23 0 1
5 57 1 0
49 2 0 1
42 34 1 0
-38 32 0 1
-20 -6 0 1
9 -70 0 1
31 -28 1 0
7 -31 0 1
-73 7 0 1
35 -21 0 1
-10 18 1 0
-3 73 1 0
3 76 1 0
56 -8 1 0
-58 -43 1 0
-60 -45 0 1
46 -9 0 1
14 76 0 1
-7 -12 1 0
0 16 1 0
0 61 0 1
-59 -42 1 0
2 72 0 1
34 -23 0 1
-46 18 0 1
-5 -21 0 1
71 -29 1 0
19 50 0 1
-21 -1 1 0
-44 38 1 0
59 -44 0 1
-45 37 1 0
11 -28 1 0
52 -43 0 1
-21 42 1 0
21 -55 1 0
47 -51 1 0
-5 -4 1 0
-42 -9 1 0
-8 68 1 0
-19 69 1 0
-46 27 1 0
15 59 1 0
-42 31 1 0
35 -41 0 1
31 0 1 0
-13 -40 1 0
-9 38 0 1
23 0 1 0
58 -45 0 1
-17 -38 1 0
-75 -9 1 0
-38 18 0 1
9 57 0 1
9 1 1 0
-10 30 1 0
42 20 1 0
56 31 1 0
30 -44 1 0
-79 0 0 1
58 -50 1 0
13 63 0 1
64 36 0 1
-57 -23 1 0
22 -36 0 1
23 -35 0 1
13 -35 0 1
15 65 0 1
64 54 1 0
-46 26 0 1
-26 -31 1 0
26 -14 0 1
-56 -53 1 0
-17 -37 1 0
53 -48 1 0
16 48 1 0
13 60 0 1
19 49 1 0
12 72 1 0
4 -35 0 1
-36 -17 1 0
-56 -55 0 1
-34 -13 0 1
-48 10 0 1
-22 -5 1 0
59 -46 1 0
-46 50 1 0
7 -31 0 1
47 -27 1 0
65 -34 1 0
25 54 1 0
63 -16 0 1
-4 53 0 1
22 -22 1 0
64 -32 1 0
54 29 1 0
12 72 1 0
-7 32 0 1
22 -46 1 0
25 62 1 0
35 -30 0 1
45 -18 0 1
9 52 1 0
-3 68 0 1
43 17 0 1
-23 -37 0 1
9 -16 0 1
6 -74 1 0
-3 -11 1 0
-14 -4 0 1
-31 -74 1 0
9 53 1 0
-53 -48 0 1
-34 -18 1 0
67 37 1 0
39 -2 0 1
-30 46 0 1
8 -31 0 1
-52 -59 1 0
-75 0 1 0
-35 -17 1 0
-32 -13 1 0
42 -37 1 0
-23 -20 1 0
-57 48 0 1
0 -17 0 1
9 -33 0 1
32 -32 0 1
-25 37 0 1
60 -37 1 0
-77 -21 1 0
6 27 1 0
49 -27 1 0
-19 -27 0 1
32 -1 0 1
-49 8 0 1
-58 -47 1 0
-8 69 0 1
-10 66 0 1
80 -3 0 1
28 0 1 0
-11 -40 1 0
2 73 1 0
-46 29 0 1
49 -53 0 1
21 -36 1 0
-29 -34 1 0
-10 0 0 1
-29 -22 0 1
11 -30 0 1
10 2 0 1
-13 51 0 1
-46 40 1 0
-41 -63 0 1
16 -60 1 0
50 -45 0 1
-32 53 0 1
2 73 1 0
-53 -55 1 0
-27 -22 0 1
41 -41 0 1
-53 38 1 0
-11 -7 0 1
-5 15 1 0
48 -7 1 0
-37 21 0 1
32 -27 1 0
-5 15 0 1
53 -54 1 0
36 -2 1 0
-42 28 0 1
11 -31 0 1
-39 -76 1 0
12 73 1 0
26 -26 0 1
31 -21 0 1
-44 51 0 1
-41 55 0 1
47 -27 1 0
-37 54 0 1
-62 30 1 0
21 -42 1 0
80 -3 0 1
-7 21 0 1
-13 -31 0 1
5 -8 1 0
26 -22 0 1
68 39 1 0
39 22 1 0
22 44 0 1
39 -55 1 0
8 -17 0 1
-22 -2 1 0
49 -27 1 0
16 49 1 0
22 31 1 0
-35 -70 1 0
65 46 1 0
-3 -10 1 0
39 -56 1 0
11 -37 1 0
-75 -3 1 0
-9 17 1 0
50 55 0 1
-26 -46 0 1
49 -37 0 1
21 -36 0 1
-25 -20 0 1
71 -28 0 1
22 -23 0 1
82 -4 1 0
-54 -40 0 1
-9 33 0 1
59 39 1 0
81 -3 0 1
-55 -47 0 1
64 42 1 0
50 -38 0 1
41 34 1 0
-25 40 0 1
-67 -12 0 1
26 -16 1 0
13 -34 0 1
-39 17 0 1
39 0 1 0
53 -55 1 0
-59 31 1 0
-74 1 1 0
0 -12 1 0
-34 29 1 0
-21 70 1 0
-8 32 0 1
-13 58 1 0
0 -19 1 0
11 1 1 0
19 52 1 0
49 -39 0 1
-17 -17 1 0
-36 -26 1 0
-46 18 0 1
46 -19 1 0
27 -6 0 1
40 -41 1 0
21 22 1 0
2 32 1 0
-9 39 0 1
20 -10 1 0
36 -1 0 1
-85 -2 1 0
-5 -48 0 1
-58 31 1 0
-11 -13 0 1
-21 -41 0 1
-48 -71 0 1
49 2 1 0
-39 -72 0 1
64 31 0 1
-7 57 0 1
-1 -45 1 0
-7 56 1 0
55 37 1 0
-28 -24 1 0
-26 -46 0 1
-55 34 1 0
-69 -10 0 1
26 53 1 0
44 17 1 0
23 68 0 1
8 -32 1 0
53 -10 1 0
5 47 1 0
-37 28 1 0
-44 34 1 0
34 -23 0 1
-4 70 1 0
33 -42 0 1
-41 -10 0 1
-76 -22 1 0
-50 34 1 0
56 32 1 0
-27 52 1 0
21 -38 0 1
-21 -4 1 0
-17 -19 1 0
13 -37 1 0
-48 28 1 0
24 68 0 1
-43 -72 0 1
35 -22 0 1
66 -16 0 1
-59 31 1 0
64 25 0 1
40 -10 1 0
-46 -66 0 1
-83 0 0 1
-7 58 0 1
76 3 1 0
-52 40 0 1
-2 -43 0 1
2 46 0 1
-42 28 0 1
-54 27 0 1
26 -33 1 0
-27 43 0 1
60 51 0 1
-54 37 1 0
-46 31 1 0
17 17 0 1
43 17 0 1
-2 -1 1 0
8 -71 0 1
19 70 1 0
-58 -29 0 1
-8 -19 1 0
17 76 1 0
-6 26 0 1
32 -11 0 1
12 63 1 0
-7 68 1 0
8 -74 1 0
-12 31 1 0
-42 31 1 0
57 40 1 0
40 17 0 1
-40 45 0 1
76 3 1 0
50 -52 0 1
-6 -3 1 0
25 50 0 1
-53 44 1 0
-54 35 0 1
2 -7 0 1
-5 53 0 1
-57 32 1 0
-4 14 1 0
10 -51 0 1
-3 -3 1 0
22 44 1 0
-20 -46 0 1
-38 -24 0 1
34 -24 0 1
75 -2 0 1
13 42 0 1
63 48 0 1
48 -26 1 0
-47 38 0 1
22 17 0 1
39 17 0 1
50 -46 0 1
51 33 1 0
-73 -11 0 1
-56 48 0 1
-46 29 0 1
39 17 0 1
50 57 1 0
22 63 0 1
-59 -21 1 0
-11 -29 0 1
48 -2 1 0
39 17 0 1
27 -9 1 0
41 34 0 1
74 -2 0 1
-29 -38 1 0
60 -33 1 0
9 82 1 0
0 -42 0 1
51 -5 1 0
-25 -39 1 0
-19 29 0 1
-39 -64 0 1
-22 -20 1 0
54 34 1 0
20 22 1 0
3 79 0 1
-14 -4 0 1
54 41 0 1
-53 32 1 0
-52 29 0 1
-18 51 0 1
8 -71 1 0
0 -42 0 1
9 -37 0 1
21 19 1 0
25 -4 1 0
-10 18 1 0
9 -70 0 1
-58 50 0 1
11 39 0 1
-41 -66 1 0
38 -10 1 0
-13 49 1 0
-54 47 1 0
-7 -13 1 0
63 -35 1 0
-39 52 1 0
81 0 0 1
-15 50 1 0
-18 22 0 1
-43 49 1 0
19 70 1 0
54 34 0 1
14 2 0 1
-46 -71 1 0
-9 16 0 1
-56 48 0 1
27 48 0 1
56 -46 0 1
-3 -26 0 1
-76 -3 0 1
58 -15 0 1
-47 -59 0 1
-1 -5 1 0
-33 -14 1 0
38 -31 0 1
3 79 0 1
24 30 1 0
-55 -56 1 0
-38 -70 1 0
-15 25 0 1
-67 -8 1 0
-14 -46 1 0
-36 -23 1 0
46 -14 0 1
27 -11 1 0
19 -53 0 1
53 -3 1 0
-43 -65 0 1
-69 -11 1 0
-11 -1 1 0
-1 69 0 1
2 -34 1 0
20 49 1 0
-88 -3 1 0
54 40 1 0
-58 -23 1 0
41 -1 1 0
32 -22 0 1
-43 52 0 1
-26 -38 0 1
61 54 1 0
-53 -48 0 1
64 47 1 0
27 -12 1 0
-41 29 0 1
-46 27 1 0
24 -15 1 0
-78 0 0 1
25 51 0 1
-42 -74 1 0
-25 -21 1 0
4 55 1 0
-49 41 0 1
-2 12 0 1
49 -51 0 1
-12 25 1 0
52 -47 1 0
48 -27 1 0
-38 -76 1 0
-2 14 1 0
-1 13 0 1
48 -6 0 1
60 53 0 1
21 16 1 0
54 -48 0 1
-13 -38 0 1
-9 -44 1 0
-23 34 0 1
45 -14 0 1
52 -2 1 0
-36 19 1 0
-27 -37 1 0
-12 28 1 0
12 -18 1 0
34 -30 0 1
-46 52 1 0
50 -40 0 1
4 -31 1 0
0 49 1 0
15 2 0 1
-20 71 1 0
37 -1 0 1
9 57 1 0
-5 -48 0 1
-33 -29 1 0
-73 -15 0 1
-21 -1 1 0
32 -20 0 1
-68 1 0 1
18 -52 0 1
-19 -28 0 1
-2 -19 0 1
-9 -2 0 1
0 -27 1 0
55 2 0 1
26 -16 1 0
21 36 1 0
19 50 1 0
-80 -8 0 1
22 58 1 0
-31 -74 0 1
-16 25 1 0
-53 -54 0 1
59 -45 1 0
-2 -20 0 1
-32 -28 1 0
63 24 0 1
-37 -25 1 0
42 -4 1 0
6 60 0 1
64 25 0 1
51 -11 0 1
7 -30 1 0
4 71 0 1
30 2 1 0
-42 -14 0 1
-9 18 0 1
43 3 1 0
-1 -26 1 0
0 55 1 0
74 -1 0 1
2 45 0 1
10 -52 0 1
60 -46 0 1
31 -22 0 1
31 -22 0 1
63 -32 0 1
34 39 1 0
56 -46 0 1
-23 34 0 1
35 -34 0 1
66 29 1 0
-36 37 0 1
-30 -31 0 1
64 25 0 1
47 -35 1 0
13 -35 0 1
15 -1 0 1
63 45 1 0
13 -30 1 0
7 68 0 1
8 53 1 0
28 54 1 0
-58 47 1 0
-8 69 0 1
24 34 1 0
52 -42 1 0
-20 -6 0 1
21 21 1 0
25 -33 1 0
-57 36 1 0
37 -13 0 1
24 15 1 0
-45 57 0 1
-58 -29 0 1
46 -48 1 0
-50 43 1 0
70 -27 0 1
-11 -2 0 1
-19 -6 1 0
-75 -19 1 0
27 -12 1 0
-33 -17 1 0
80 -3 0 1
20 60 0 1
-76 -9 0 1
-60 31 1 0
-14 47 1 0
-31 -29 0 1
-66 -17 1 0
19 -1 0 1
63 -15 0 1
4 31 1 0
-69 -8 1 0
51 -43 1 0
-14 28 1 0
28 -2 0 1
-48 9 1 0
-32 56 0 1
6 -5 1 0
-18 -34 1 0
-32 -13 0 1
-13 25 0 1
15 -33 1 0
10 3 0 1
-31 -72 1 0
19 -54 1 0
-71 -3 1 0
6 27 1 0
21 21 1 0
-42 -76 0 1
23 -42 0 1
50 -46 0 1
5 -36 1 0
1 44 1 0
13 42 0 1
81 0 0 1
-7 -12 1 0
2 -46 1 0
-53 -39 0 1
11 39 0 1
57 -7 0 1
-50 -68 0 1
-39 -63 0 1
-23 -21 0 1
24 50 0 1
0 70 1 0
50 58 0 1
-15 48 1 0
-41 -8 1 0
-29 53 0 1
56 41 1 0
15 -38 1 0
23 -2 1 0
-51 -58 0 1
24 16 1 0
50 -42 1 0
0 -45 0 1
30 -22 0 1
-50 40 0 1
53 32 1 0
34 -40 0 1
-28 52 1 0
-49 36 0 1
63 31 0 1
-18 27 0 1
-40 49 0 1
-16 -9 1 0
-17 37 1 0
56 -47 0 1
31 -43 1 0
41 -41 1 0
3 -44 1 0
-35 36 0 1
14 43 0 1
-75 -18 1 0
45 -14 0 1
21 -23 0 1
-15 47 0 1
78 0 0 1
59 -47 0 1
22 53 0 1
28 -6 0 1
-17 -40 0 1
-19 69 1 0
-13 -26 0 1
23 -5 1 0
20 16 0 1
15 -21 1 0
50 -42 1 0
-7 32 0 1
-10 0 0 1
30 2 0 1
-53 32 0 1
50 -51 0 1
-15 -20 0 1
-37 29 1 0
49 -49 0 1
27 -45 1 0
-60 35 1 0
22 -36 0 1
-15 50 0 1
24 58 0 1
-21 42 1 0
-7 20 0 1
27 48 0 1
34 0 1 0
-56 28 1 0
12 -4 1 0
-3 16 1 0
-15 58 1 0
-33 -18 0 1
21 50 1 0
-36 51 1 0
-42 -65 0 1
-24 34 0 1
-21 31 1 0
68 27 0 1
42 16 0 1
50 -26 1 0
-49 40 0 1
17 1 1 0
-2 72 0 1
-57 49 0 1
3 -44 1 0
-24 -34 0 1
22 -38 0 1
-19 58 1 0
26 -2 0 1
-76 -10 1 0
-11 -28 0 1
29 -42 1 0
36 -60 0 1
0 60 1 0
8 -65 0 1
-61 -54 1 0
30 -28 0 1
74 -1 0 1
-12 69 0 1
-7 64 0 1
-19 -50 0 1
-49 8 1 0
24 67 1 0
5 -42 0 1
-46 -76 1 0
-50 -51 0 1
39 -14 1 0
52 -9 1 0
10 -55 0 1
-9 65 0 1
6 69 1 0
80 0 0 1
42 -37 1 0
55 -7 0 1
9 58 0 1
-24 44 1 0
-77 0 0 1
-39 -73 0 1
-30 46 0 1
19 49 1 0
17 -51 0 1
12 -36 1 0
-9 0 0 1
-29 -29 1 0
-9 17 1 0
20 -22 0 1
-77 -21 1 0
71 -29 0 1
-4 54 0 1
-9 34 0 1
75 -1 0 1
-10 32 1 0
-53 -48 0 1
-47 11 0 1
13 74 0 1
28 -5 1 0
-84 0 0 1
-4 -7 1 0
-17 0 1 0
19 -62 1 0
-2 -39 1 0
24 -46 1 0
-27 -25 1 0
47 -51 0 1
-19 -28 0 1
59 52 0 1
81 0 0 1
18 17 1 0
24 57 0 1
49 -38 0 1
74 -1 0 1
35 -30 0 1
50 -51 0 1
20 58 1 0
0 -20 1 0
8 77 0 1
0 72 0 1
-6 56 0 1
17 19 1 0
10 -71 0 1
-47 41 1 0
-10 46 1 0
33 -31 1 0
-74 -20 1 0
62 -35 1 0
-40 49 0 1
-68 1 0 1
-1 14 1 0
7 -30 1 0
-11 -9 1 0
17 -48 1 0
-1 -21 0 1
-33 42 0 1
14 60 0 1
33 -22 0 1
28 0 0 1
-15 55 1 0
-43 -12 0 1
41 -56 1 0
-2 -19 0 1
-9 40 0 1
13 -36 1 0
19 -23 0 1
-2 -19 0 1
-10 47 1 0
-82 -3 0 1
41 -1 1 0
51 -56 0 1
16 48 1 0
81 0 0 1
14 74 0 1
2 46 0 1
51 32 0 1
10 60 0 1
6 66 1 0
-78 -6 0 1
78 0 0 1
34 -43 1 0
-9 31 1 0
-46 -59 0 1
-48 -74 1 0
40 15 1 0
-41 37 1 0
68 29 1 0
-58 -44 0 1
23 57 0 1
-53 35 1 0
-32 -12 1 0
-24 43 0 1
31 0 0 1
74 -1 0 1
63 42 1 0
-36 56 0 1
-62 30 1 0
-1 -2 0 1
-79 -11 0 1
-59 -49 1 0
-29 52 0 1
65 -32 1 0
-58 31 1 0
0 -45 0 1
10 63 1 0
-2 -14 0 1
-18 28 1 0
70 27 0 1
-15 58 1 0
-48 -73 1 0
-35 51 1 0
49 -45 1 0
-50 17 0 1
-57 -22 1 0
50 -48 0 1
43 -6 1 0
-9 65 0 1
49 1 0 1
-1 -29 1 0
-20 71 1 0
-35 -75 1 0
64 52 1 0
-16 -9 1 0
-20 -6 0 1
-23 -35 0 1
31 -39 0 1
20 62 1 0
55 38 0 1
-9 -36 0 1
-12 -13 0 1
-9 38 0 1
3 59 0 1
-5 53 0 1
53 -45 1 0
-31 -31 1 0
-15 -3 1 0
-43 47 0 1
-3 68 0 1
-57 32 0 1
-31 -75 0 1
-53 32 0 1
-2 15 1 0
-87 -4 1 0
-58 34 0 1
-2 -20 1 0
57 40 0 1
3 42 1 0
42 -57 0 1
-32 28 1 0
11 41 1 0
50 55 1 0
-9 63 1 0
18 -63 1 0
-15 54 0 1
55 -39 1 0
22 17 1 0
-29 -23 0 1
-9 -11 1 0
62 -33 1 0
-56 -44 1 0
-49 -68 1 0
67 24 0 1
58 43 0 1
31 -22 0 1
-18 29 1 0
44 -6 1 0
-13 -34 0 1
-4 -4 1 0
-12 69 1 0
-2 61 1 0
-12 -35 0 1
40 -11 0 1
68 26 1 0
-15 39 1 0
3 81 0 1
9 75 1 0
-23 33 0 1
-30 53 1 0
11 -70 1 0
-13 0 0 1
44 18 1 0
-66 -9 1 0
34 -44 1 0
13 54 1 0
-33 -18 1 0
20 17 0 1
6 45 0 1
20 17 1 0
43 0 1 0
-34 63 1 0
16 -62 0 1
-46 28 0 1
65 -17 0 1
-15 42 0 1
-39 28 0 1
51 31 0 1
7 -42 1 0
-27 -34 0 1
-77 1 0 1
-25 -32 1 0
38 -47 0 1
47 -2 1 0
63 47 1 0
13 0 0 1
6 50 0 1
-4 54 1 0
10 54 0 1
66 26 0 1
20 17 1 0
-22 -30 0 1
-44 25 0 1
-4 -15 1 0
0 -48 0 1
-10 -35 0 1
-25 -18 0 1
7 -45 0 1
-41 -63 0 1
-38 59 0 1
39 17 0 1
20 -59 1 0
-35 62 0 1
-16 24 1 0
-84 0 0 1
8 -67 0 1
-26 40 1 0
16 -52 1 0
-53 -56 0 1
-10 -28 0 1
-69 2 0 1
-18 28 1 0
-36 28 0 1
64 43 1 0
23 33 0 1
-42 -75 0 1
-29 50 1 0
-47 -66 0 1
22 19 1 0
-66 -13 1 0
22 56 1 0
-37 28 1 0
63 -16 0 1
21 30 1 0
17 -49 0 1
-32 57 1 0
-54 -40 0 1
3 42 0 1
-12 -31 0 1
-31 57 1 0
66 37 1 0
-45 -64 0 1
17 -54 0 1
-56 48 0 1
-41 15 1 0
59 -49 1 0
11 1 0 1
-43 -65 0 1
-21 -46 1 0
-1 14 0 1
-62 -46 1 0
22 21 1 0
-39 18 0 1
76 1 1 0
-56 -55 0 1
62 43 1 0
-35 47 1 0
-23 -36 0 1
-30 -11 1 0
-43 20 1 0
-50 36 0 1
8 -6 1 0
41 -58 1 0
-11 63 1 0
12 41 0 1
-52 46 0 1
-36 37 1 0
-56 -46 1 0
55 -49 1 0
62 51 0 1
19 58 0 1
-11 55 1 0
19 -60 1 0
43 17 1 0
-48 -64 0 1
22 31 1 0
-27 57 0 1
-33 -14 0 1
10 -18 1 0
55 -8 0 1
-75 -10 1 0
33 2 1 0
24 -37 1 0
-20 -26 1 0
1 -45 1 0
4 -34 1 0
64 -15 0 1
46 -18 1 0
-23 -22 0 1
-9 39 0 1
24 -44 1 0
44 -5 0 1
-1 72 1 0
15 75 0 1
-49 34 0 1
7 71 0 1
-47 27 1 0
8 -17 0 1
-12 62 1 0
-28 39 1 0
3 -5 0 1
-14 51 1 0
69 -28 0 1
6 27 1 0
65 42 1 0
65 24 1 0
37 -40 1 0
63 24 0 1
-32 -30 1 0
-29 -42 1 0
-1 -38 1 0
-49 -72 1 0
8 4 1 0
-12 0 1 0
-73 -11 1 0
65 23 0 1
46 0 0 1
67 32 1 0
46 -13 1 0
10 -30 0 1
3 78 0 1
11 65 0 1
53 55 0 1
27 -14 0 1
21 46 1 0
-20 -39 0 1
-21 0 1 0
-33 58 1 0
63 -18 0 1
-80 -7 1 0
-34 63 0 1
-41 -14 0 1
24 -46 1 0
23 -44 1 0
-30 -71 1 0
40 -9 0 1
-34 53 0 1
-49 40 1 0
6 80 1 0
-68 -11 1 0
-41 -75 0 1
70 28 1 0
-60 -45 0 1
-41 -63 0 1
-10 2 1 0
-27 -22 0 1
-14 47 0 1
-9 -35 1 0
-56 40 0 1
-17 -49 1 0
49 -46 0 1
4 66 0 1
33 -23 0 1
31 -22 0 1
-38 -76 1 0
-87 -4 0 1
-4 -24 0 1
-51 36 1 0
-46 -67 0 1
-1 50 0 1
-54 49 0 1
9 72 0 1
33 -23 0 1
81 0 0 1
45 -14 0 1
69 -28 0 1
23 -28 1 0
4 60 1 0
39 32 1 0
43 35 1 0
43 19 0 1
31 -32 0 1
38 -47 0 1
50 58 0 1
-1 50 0 1
1 -20 1 0
59 44 1 0
80 -2 0 1
53 -39 1 0
-17 31 1 0
-29 -36 0 1
55 38 0 1
-34 56 1 0
-59 -24 1 0
39 17 0 1
-27 40 0 1
-1 -11 1 0
24 -16 0 1
-2 72 1 0
49 -44 0 1
55 -9 1 0
50 56 0 1
6 -41 1 0
-43 50 0 1
23 -36 0 1
-31 -12 0 1
17 -50 0 1
-3 -13 1 0
22 -35 0 1
2 48 1 0
6 46 1 0
-31 -10 0 1
-80 -10 0 1
-36 -17 0 1
1 -18 0 1
0 -3 0 1
22 22 0 1
0 -42 0 1
-60 -44 0 1
-44 25 0 1
-80 -10 0 1
5 -10 0 1
68 -29 0 1
18 59 0 1
27 -12 1 0
0 -42 0 1
-17 -2 0 1
-12 30 1 0
62 -35 1 0
-36 37 0 1
0 -46 0 1
30 -5 1 0
-67 -8 0 1
-41 46 0 1
-35 56 1 0
42 34 1 0
-26 -41 1 0
-34 54 1 0
-15 -3 1 0
6 46 1 0
54 -6 1 0
-57 28 1 0
-36 -15 0 1
-9 -32 0 1
-23 -2 0 1
-73 1 1 0
63 23 0 1
-8 -45 1 0
17 48 1 0
-41 -63 0 1
3 43 1 0
-36 18 1 0
-58 -29 0 1
-79 1 0 1
9 56 1 0
66 25 1 0
-3 -25 0 1
-32 40 1 0
65 37 1 0
-61 -54 1 0
50 -53 0 1
74 -2 0 1
-4 14 1 0
24 -23 1 0
-12 -25 1 0
-49 -71 1 0
-40 -14 0 1
69 27 0 1
52 -11 1 0
-7 -44 0 1
9 66 1 0
-9 50 1 0
-16 39 1 0
-47 16 1 0
-60 -43 1 0
21 23 0 1
17 -64 1 0
78 -6 1 0
49 -3 1 0
-43 -8 0 1
-39 -76 1 0
-60 -45 0 1
-2 -4 0 1
-43 52 0 1
-54 -47 0 1
9 48 1 0
12 -31 0 1
8 -71 0 1
-2 60 0 1
-2 -4 0 1
57 36 1 0
-32 53 0 1
16 49 0 1
31 -18 1 0
-74 -3 1 0
14 76 0 1
-33 39 1 0
65 25 1 0
51 33 1 0
-27 41 0 1
-26 -35 0 1
-31 53 0 1
8 -27 0 1
29 -20 0 1
14 -19 1 0
0 61 0 1
44 -5 0 1
-14 0 1 0
1 34 1 0
81 0 0 1
64 36 1 0
-58 29 0 1
-10 -12 1 0
55 4 1 0
-7 52 1 0
34 1 1 0
-52 -49 1 0
-39 -76 1 0
-32 46 0 1
40 15 1 0
-32 -29 0 1
-5 15 0 1
50 58 1 0
3 59 0 1
12 0 0 1
50 -43 1 0
-88 -4 0 1
26 -14 0 1
-2 63 1 0
7 -70 1 0
-47 26 0 1
4 -30 1 0
-35 30 1 0
19 70 0 1
10 -65 1 0
19 60 1 0
-43 -9 0 1
5 -10 0 1
-55 -61 1 0
12 41 0 1
-78 0 0 1
18 18 1 0
57 39 0 1
-38 -24 0 1
41 20 1 0
39 21 1 0
0 -41 0 1
-7 -44 1 0
-52 43 1 0
71 26 1 0
41 -58 1 0
-12 28 1 0
-88 -5 0 1
-5 -1 1 0
-58 32 1 0
-35 -18 1 0
6 -42 0 1
9 72 0 1
59 -9 0 1
-16 40 0 1
-31 -73 0 1
-78 0 0 1
-50 36 0 1
32 -32 0 1
8 -5 1 0
-47 12 1 0
-37 -73 0 1
-59 -21 1 0
42 -37 1 0
63 51 0 1
76 0 0 1
-19 -49 1 0
-57 49 0 1
16 -54 0 1
-39 -72 0 1
32 -24 0 1
18 60 0 1
49 -37 1 0
-82 3 1 0
-36 -26 1 0
63 -35 1 0
55 3 0 1
-38 50 0 1
62 27 1 0
-38 59 0 1
7 55 1 0
22 -38 0 1
8 -68 1 0
-57 48 0 1
10 57 0 1
6 80 1 0
-13 -26 0 1
58 -43 1 0
3 59 1 0
-42 -74 1 0
8 79 1 0
-67 2 0 1
16 0 0 1
-26 42 0 1
30 -29 0 1
8 -65 0 1
-26 -43 1 0
64 -17 0 1
31 2 0 1
-14 64 0 1
8 58 1 0
-47 33 0 1
-33 -75 0 1
-20 -6 0 1
-33 -17 0 1
20 -18 0 1
-56 -55 0 1
10 -69 1 0
16 76 1 0
-9 -45 0 1
14 -50 1 0
-56 -47 0 1
66 24 0 1
-77 3 0 1
26 -7 1 0
11 -30 0 1
54 -5 1 0
14 75 0 1
-24 32 0 1
38 -16 0 1
57 43 1 0
-49 -58 0 1
-59 -23 1 0
-28 43 1 0
-52 -56 1 0
-57 -48 0 1
-18 39 0 1
6 -3 1 0
46 -22 1 0
3 80 1 0
8 80 1 0
-5 15 0 1
67 40 1 0
-9 -19 1 0
55 -8 0 1
11 -30 1 0
-9 -18 0 1
19 67 0 1
-41 -14 0 1
-26 -33 1 0
-59 -21 1 0
-47 -74 0 1
-68 -12 0 1
-41 -73 0 1
54 30 1 0
-6 3 0 1
-55 -48 0 1
52 -10 0 1
-24 32 0 1
-59 49 1 0
9 82 1 0
55 -2 1 0
-40 -16 0 1
48 -33 1 0
-36 35 0 1
-69 -10 0 1
42 36 1 0
13 61 0 1
-48 10 1 0
-28 -41 0 1
-17 -2 0 1
-21 42 0 1
5 49 1 0
31 -28 1 0
-54 -55 1 0
-75 -3 1 0
52 31 0 1
-35 55 0 1
20 45 0 1
23 -38 0 1
-16 -2 1 0
45 -20 0 1
-32 -12 0 1
35 -44 0 1
-11 35 1 0
58 -43 1 0
50 -48 0 1
-7 66 1 0
12 73 0 1
28 -6 0 1
23 -46 1 0
-58 -29 0 1
47 -2 1 0
-54 27 0 1
-2 -32 1 0
-47 27 0 1
-22 -26 1 0
-53 -49 0 1
24 57 1 0
-2 -39 1 0
-58 -29 0 1
63 31 0 1
-69 -11 1 0
-13 28 1 0
-59 49 1 0
59 29 1 0
19 60 0 1
-40 55 0 1
-13 -4 0 1
35 -5 1 0
-26 -21 0 1
-41 56 0 1
-43 52 0 1
14 60 0 1
-1 51 1 0
-16 -38 1 0
50 -53 0 1
-51 44 1 0
-33 49 1 0
-44 37 1 0
64 50 1 0
25 50 0 1
-43 -12 0 1
25 56 1 0
-10 60 1 0
-3 -11 0 1
-31 -74 0 1
-39 -64 0 1
35 -42 0 1
28 51 1 0
-72 -11 0 1
47 -51 1 0
28 2 0 1
-42 -75 0 1
-10 -6 1 0
-35 -23 1 0
40 20 1 0
8 -27 1 0
-39 46 0 1
24 -41 0 1
-20 25 1 0
-41 -7 1 0
-21 -47 1 0
64 -20 0 1
71 37 1 0
11 61 0 1
-11 48 1 0
-40 39 1 0
32 -57 1 0
59 -44 0 1
28 -31 0 1
-17 -1 1 0
58 -50 1 0
-79 -6 0 1
18 -10 1 0
35 -23 0 1
-88 -5 1 0
15 -4 1 0
54 -15 1 0
14 0 0 1
81 -3 0 1
-22 70 1 0
21 30 1 0
52 -9 0 1
50 -54 1 0
-24 35 0 1
-21 29 1 0
-6 0 0 1
57 52 1 0
-12 -43 1 0
-5 -47 1 0
20 -27 0 1
-48 -74 1 0
-32 57 1 0
8 6 0 1
-48 -75 1 0
-59 35 1 0
6 -69 1 0
28 -18 1 0
37 -3 0 1
19 70 0 1
-32 -19 0 1
54 -15 1 0
-34 49 1 0
31 -33 1 0
-58 -23 1 0
34 -10 1 0
-12 -9 1 0
-21 -1 1 0
11 -29 1 0
51 -12 1 0
18 -54 1 0
-8 17 0 1
-22 -2 1 0
-10 -28 0 1
27 48 0 1
-38 -25 0 1
1 46 0 1
19 -33 1 0
6 80 1 0
-81 -7 1 0
-5 53 0 1
-85 0 1 0
-18 23 0 1
56 -2 0 1
65 42 1 0
-33 47 0 1
51 -36 0 1
31 2 0 1
-15 -8 1 0
-41 36 1 0
25 50 0 1
-38 -15 1 0
6 -69 1 0
58 42 0 1
-3 59 0 1
-13 -27 0 1
28 -18 1 0
-35 58 0 1
22 -20 0 1
-8 64 1 0
-29 -23 0 1
21 -6 0 1
-42 56 1 0
63 -18 0 1
-50 30 1 0
20 -7 1 0
24 26 1 0
79 -4 0 1
-50 -51 1 0
-54 -48 0 1
-10 3 0 1
64 -17 0 1
4 29 1 0
-6 25 1 0
34 -41 1 0
-36 -25 1 0
-33 -13 0 1
-33 26 1 0
-34 -13 0 1
-16 39 1 0
19 -58 0 1
66 41 1 0
12 -38 0 1
27 -6 1 0
-32 53 1 0
-19 -50 0 1
23 35 0 1
48 -42 1 0
64 53 0 1
12 61 0 1
29 -7 1 0
12 63 0 1
51 -43 1 0
-55 -39 1 0
55 28 1 0
-35 -70 1 0
34 3 1 0
-16 58 1 0
-42 15 0 1
3 59 1 0
-55 -47 0 1
-74 -2 0 1
3 -34 1 0
-62 29 1 0
21 -60 1 0
32 -32 0 1
-7 71 1 0
-5 -4 1 0
53 -1 1 0
3 -5 0 1
-32 -24 1 0
53 0 0 1
-12 -2 1 0
-50 -50 1 0
-55 -61 1 0
-5 -4 1 0
9 72 0 1
63 30 1 0
54 31 0 1
-40 32 1 0
-2 72 0 1
-22 33 0 1
62 27 0 1
5 29 1 0
5 -31 0 1
-35 63 0 1
-43 59 0 1
21 -19 1 0
63 51 0 1
-25 -20 0 1
-84 4 0 1
11 58 0 1
70 37 1 0
-10 55 0 1
-39 31 0 1
-10 33 0 1
45 -29 0 1
-11 -38 0 1
71 -28 0 1
-47 -66 0 1
-19 -7 1 0
-72 -11 0 1
-25 -20 0 1
-12 62 1 0
-59 40 1 0
16 -49 1 0
68 -28 0 1
-59 41 0 1
20 -22 1 0
-40 -15 1 0
9 0 1 0
-78 -11 1 0
29 -29 0 1
0 -42 0 1
-59 29 1 0
-51 31 0 1
-61 31 1 0
-15 -8 1 0
-41 -63 0 1
0 -16 1 0
-36 -63 0 1
-16 42 0 1
25 -25 0 1
-24 -36 0 1
4 32 0 1
52 -46 0 1
-31 -71 1 0
42 34 1 0
-6 27 0 1
45 -19 0 1
17 0 0 1
28 -42 0 1
-22 -35 1 0
24 56 1 0
26 -8 1 0
-10 69 0 1
13 -58 1 0
29 -44 0 1
16 -48 1 0
11 39 0 1
13 78 1 0
-8 32 0 1
17 0 1 0
12 -49 1 0
31 2 0 1
40 -58 0 1
21 -5 1 0
50 -55 1 0
-13 -34 0 1
42 18 0 1
22 -7 1 0
40 -56 1 0
-40 56 0 1
-38 20 0 1
38 -52 1 0
68 28 1 0
66 -32 1 0
15 -24 0 1
-18 -29 1 0
-42 53 0 1
19 53 1 0
12 -31 0 1
-19 -28 0 1
10 -71 0 1
-57 -56 1 0
-78 -8 1 0
-4 -11 1 0
-40 -10 0 1
-30 -11 1 0
-28 -41 0 1
-18 22 1 0
-14 51 0 1
9 -16 0 1
64 24 0 1
52 -56 0 1
-17 -51 0 1
-22 -31 1 0
-58 -48 0 1
21 -24 0 1
81 1 1 0
-1 -42 1 0
-2 -31 0 1
23 -28 1 0
-37 54 0 1
-24 35 1 0
-5 64 0 1
-54 -39 0 1
0 -42 0 1
17 76 1 0
-14 -17 0 1
47 -30 0 1
28 1 0 1
57 36 1 0
58 -44 1 0
-2 61 0 1
51 -6 0 1
23 36 1 0
-1 -46 0 1
12 59 1 0
36 -39 0 1
-40 -76 1 0
-90 -3 0 1
-77 -21 1 0
-17 0 1 0
-44 34 1 0
-15 -20 0 1
-48 -62 1 0
-1 -2 1 0
-34 29 1 0
60 51 0 1
-2 -28 1 0
-34 57 1 0
11 39 0 1
22 -20 0 1
15 -33 1 0
-5 53 0 1
11 -69 1 0
52 -52 0 1
-1 -12 1 0
56 -41 1 0
18 57 0 1
-14 61 1 0
17 -54 0 1
-39 28 1 0
-27 -24 0 1
6 57 1 0
11 78 1 0
18 14 0 1
52 -57 0 1
-21 -33 1 0
-24 -24 1 0
8 -71 1 0
-43 25 1 0
56 -49 1 0
-13 25 1 0
5 30 1 0
69 -26 0 1
-30 48 1 0
8 5 1 0
23 37 0 1
-36 44 0 1
-87 -1 0 1
-3 -19 1 0
33 -23 0 1
51 -41 0 1
50 -42 0 1
-24 -34 0 1
17 -16 0 1
-57 -56 0 1
-33 -75 1 0
-15 -3 1 0
52 -1 1 0
44 -29 0 1
-38 34 0 1
12 0 0 1
48 -40 1 0
13 53 1 0
5 -10 0 1
50 -11 1 0
-9 -10 1 0
62 52 1 0
-3 -11 0 1
42 36 1 0
59 52 0 1
-57 -55 1 0
49 -28 1 0
-79 0 0 1
9 -68 1 0
-25 36 0 1
21 46 1 0
40 0 1 0
-34 -34 0 1
-34 52 0 1
-50 34 0 1
47 -39 0 1
-24 33 0 1
24 58 0 1
-5 53 0 1
-14 -4 0 1
-4 67 1 0
-7 25 0 1
-69 -11 1 0
-2 50 0 1
-42 -76 0 1
9 74 0 1
-15 -6 1 0
-2 -27 0 1
-23 -22 0 1
-1 -30 0 1
5 30 1 0
-43 -9 1 0
14 62 0 1
-37 37 0 1
8 -67 0 1
-74 -11 1 0
-27 -47 1 0
28 0 0 1
44 -6 0 1
32 -57 1 0
74 -2 0 1
82 0 0 1
24 34 1 0
71 -28 0 1
-47 -62 1 0
-17 -53 0 1
18 14 0 1
48 -39 0 1
-8 69 0 1
15 -21 1 0
43 -58 1 0
-54 -57 1 0
17 -64 0 1
71 -27 0 1
-90 -2 0 1
-43 -8 0 1
21 22 1 0
48 -32 1 0
23 23 1 0
-88 -4 0 1
8 -10 0 1
-73 -10 1 0
5 48 0 1
12 51 0 1
-74 2 1 0
-41 30 0 1
22 -38 0 1
-31 -74 0 1
55 3 0 1
-7 20 1 0
-73 7 0 1
24 68 1 0
-13 58 1 0
-25 -48 0 1
8 -36 0 1
-3 59 0 1
1 -47 0 1
9 -72 1 0
-7 58 0 1
7 -42 1 0
59 46 1 0
29 -20 0 1
-43 50 0 1
23 63 1 0
56 35 1 0
7 -52 1 0
-38 -15 1 0
-9 16 0 1
-5 -19 1 0
-43 -65 0 1
-78 0 0 1
-34 63 0 1
41 -30 1 0
52 -54 1 0
-74 -2 1 0
-73 -3 1 0
13 -34 1 0
24 50 0 1
-59 -44 0 1
-12 0 1 0
5 -43 0 1
14 76 0 1
-4 71 0 1
-52 48 1 0
10 -68 1 0
-4 -2 0 1
-14 58 0 1
3 46 1 0
-1 72 1 0
24 -25 1 0
8 -17 0 1
18 2 0 1
-34 56 0 1
-5 -3 1 0
65 31 0 1
-39 -64 0 1
11 -72 1 0
2 -6 0 1
-16 -38 0 1
-32 26 0 1
69 27 0 1
48 32 1 0
-48 -65 0 1
7 63 1 0
68 -27 0 1
-31 -13 0 1
-38 20 0 1
45 -22 0 1
-78 -2 1 0
15 -41 0 1
-55 50 1 0
-50 36 1 0
-27 -34 0 1
-18 -28 0 1
-5 54 1 0
-9 47 1 0
6 -74 1 0
19 -22 0 1
-8 1 1 0
60 -34 1 0
81 -4 0 1
25 53 1 0
25 18 1 0
-2 -18 1 0
12 59 0 1
-14 27 1 0
61 50 0 1
-42 -76 1 0
0 45 0 1
42 18 1 0
24 50 0 1
-2 -19 0 1
-30 55 1 0
39 0 0 1
6 60 0 1
1 -47 1 0
0 1 0 1
-21 -47 1 0
38 -12 1 0
19 -57 0 1
-5 -32 0 1
25 -32 1 0
11 53 0 1
10 -55 1 0
65 31 0 1
-34 63 0 1
17 -15 1 0
-73 -9 1 0
22 19 0 1
0 -43 0 1
-22 -33 1 0
52 54 0 1
22 -38 0 1
20 -54 0 1
13 75 0 1
24 26 0 1
-2 15 0 1
55 35 1 0
18 54 1 0
-10 -31 0 1
-11 0 1 0
59 52 0 1
18 61 1 0
65 41 1 0
9 62 0 1
-12 -2 1 0
-4 67 1 0
-39 -73 0 1
62 32 1 0
15 76 0 1
-76 -3 1 0
15 -59 0 1
24 50 0 1
-20 -6 0 1
81 0 0 1
2 32 1 0
35 -13 1 0
-27 -35 0 1
-45 40 1 0
21 23 0 1
-52 -57 1 0
-83 0 1 0
23 -35 0 1
38 -32 1 0
9 2 0 1
-11 61 1 0
4 32 0 1
17 -16 0 1
12 -70 1 0
-4 -23 0 1
51 -34 1 0
-3 67 1 0
16 0 1 0
-12 25 0 1
63 -19 0 1
-49 39 0 1
70 40 1 0
-44 -12 0 1
70 38 1 0
17 53 1 0
55 35 1 0
43 -10 1 0
-4 -21 0 1
35 -23 0 1
-2 -4 0 1
-54 -40 0 1
0 -43 0 1
2 32 1 0
56 1 0 1
8 77 0 1
18 48 1 0
-25 -20 0 1
22 -37 0 1
-42 29 0 1
48 -37 1 0
-52 27 1 0
75 -2 0 1
-23 -22 0 1
26 -42 0 1
13 63 0 1
-15 -5 1 0
10 0 1 0
52 -7 1 0
-41 56 0 1
20 -19 0 1
-19 -50 0 1
45 -20 0 1
11 65 0 1
47 -13 1 0
-80 3 1 0
-32 52 1 0
36 0 1 0
-50 41 1 0
-77 2 0 1
70 27 0 1
63 51 1 0
35 -21 0 1
-42 38 1 0
-73 7 0 1
-60 -44 0 1
23 26 1 0
-37 56 0 1
-43 25 1 0
-23 -2 0 1
42 -1 1 0
17 76 1 0
-31 38 1 0
25 34 1 0
54 0 0 1
38 32 0 1
-54 -39 0 1
16 0 1 0
-2 68 1 0
21 -38 0 1
-18 -11 1 0
-53 -56 0 1
4 69 1 0
-9 47 1 0
41 37 1 0
-16 -1 1 0
-38 58 1 0
-16 -38 0 1
-49 -58 1 0
15 74 1 0
4 -45 1 0
-58 -45 0 1
24 -19 0 1
59 -43 0 1
0 -43 0 1
13 53 1 0
45 -13 1 0
6 -18 0 1
51 -35 1 0
-54 -39 0 1
39 -30 1 0
-79 1 0 1
0 69 0 1
23 35 0 1
-18 28 1 0
11 -35 0 1
-54 -40 0 1
-48 -66 1 0
15 43 0 1
67 -29 1 0
18 50 1 0
-33 27 0 1
-43 30 0 1
19 -19 0 1
-87 -2 0 1
-84 1 1 0
14 -4 1 0
4 32 0 1
11 73 0 1
23 37 0 1
-13 49 1 0
29 -3 0 1
-29 54 1 0
20 -42 1 0
-21 -29 0 1
7 55 1 0
58 53 0 1
10 -16 0 1
-47 -74 1 0
18 55 0 1
16 77 1 0
-13 -19 1 0
-69 -8 1 0
82 0 0 1
40 17 0 1
62 -33 1 0
8 -36 0 1
-48 40 0 1
-42 55 0 1
-59 -21 1 0
49 -6 1 0
-86 1 1 0
49 -55 1 0
22 -23 1 0
59 41 1 0
12 -31 0 1
-76 -10 1 0
-7 58 0 1
10 -51 1 0
41 34 1 0
44 -30 0 1
-11 -31 1 0
-2 72 1 0
-9 -18 0 1
36 0 0 1
-25 40 0 1
38 -53 1 0
-48 30 1 0
8 71 0 1
65 24 0 1
5 -75 1 0
18 -7 1 0
-44 -66 0 1
-72 -11 0 1
24 54 1 0
0 -43 0 1
21 -24 1 0
-41 39 1 0
63 29 1 0
7 -73 0 1
-41 32 1 0
-46 -63 0 1
57 38 0 1
9 3 1 0
61 50 1 0
24 68 0 1
-10 33 0 1
-39 22 1 0
-10 48 0 1
46 -12 1 0
-74 -3 1 0
-11 0 1 0
-30 -36 0 1
8 -74 0 1
21 60 0 1
-19 -28 0 1
64 -18 1 0
44 -10 1 0
-26 40 0 1
5 -5 0 1
-29 -43 0 1
-23 -35 0 1
66 32 1 0
0 68 1 0
35 -20 0 1
-30 52 1 0
5 50 1 0
-41 54 1 0
-10 67 0 1
-4 -2 0 1
-73 0 1 0
-31 -14 1 0
69 27 0 1
23 51 0 1
-21 -8 1 0
-11 -28 0 1
-3 72 0 1
-16 -48 1 0
20 49 1 0
-88 -1 0 1
20 -3 1 0
-12 -9 1 0
-10 -11 1 0
-78 1 0 1
-7 65 1 0
-29 53 1 0
11 0 1 0
68 -28 0 1
60 -46 0 1
8 1 0 1
-23 -37 0 1
-31 53 0 1
-4 -30 1 0
41 -56 1 0
54 -25 0 1
-4 55 0 1
-10 65 1 0
41 36 1 0
-11 33 1 0
43 -7 1 0
-29 42 1 0
0 16 1 0
65 43 1 0
45 17 0 1
-52 28 1 0
-53 48 1 0
57 36 1 0
50 -3 1 0
51 35 1 0
20 60 1 0
-17 -40 0 1
-23 -21 0 1
65 26 1 0
-2 72 0 1
58 -45 1 0
25 16 1 0
31 -39 0 1
-45 31 1 0
76 0 0 1
42 -43 1 0
-15 39 0 1
-7 20 0 1
-9 0 0 1
23 49 0 1
9 -43 0 1
-23 -37 0 1
38 -59 1 0
-34 -35 0 1
-1 14 0 1
50 -36 0 1
-10 16 0 1
-22 -24 0 1
-16 39 1 0
64 -20 0 1
-20 -30 1 0
-73 7 0 1
62 -17 0 1
-22 70 1 0
-30 -23 0 1
-54 30 0 1
-16 41 0 1
27 52 1 0
-33 -27 1 0
-3 -11 1 0
-14 58 1 0
-11 50 1 0
49 -45 1 0
55 -8 0 1
49 2 1 0
45 -14 0 1
16 -60 0 1
13 -36 0 1
44 -6 1 0
4 32 0 1
-61 -54 1 0
-18 -45 1 0
23 23 0 1
20 -5 0 1
-13 -31 0 1
38 -1 0 1
23 -20 0 1
-59 35 0 1
63 -36 1 0
56 -2 0 1
-81 2 1 0
-42 31 1 0
35 -13 1 0
13 -35 0 1
32 -42 0 1
70 -28 0 1
68 41 1 0
-10 16 1 0
1 -41 1 0
-30 51 1 0
-31 -12 1 0
-18 29 1 0
26 -41 1 0
36 -43 1 0
50 56 1 0
74 -2 0 1
50 -34 1 0
-48 9 1 0
28 -6 0 1
56 -46 0 1
-11 -13 0 1
-20 70 0 1
-49 -71 0 1
-5 -47 0 1
-37 -23 0 1
-3 -21 1 0
36 -1 1 0
44 16 1 0
-48 40 0 1
-6 64 1 0
-1 -29 1 0
49 -37 0 1
-13 -34 0 1
39 33 0 1
-41 56 0 1
64 -17 0 1
-32 27 0 1
-50 40 0 1
-34 57 0 1
-56 -47 1 0
58 -8 1 0
-3 68 0 1
60 -35 1 0
20 -58 1 0
51 -2 1 0
-2 45 0 1
12 41 0 1
-19 -50 0 1
-32 27 1 0
-27 -24 1 0
-6 0 0 1
-3 -10 1 0
-26 -45 0 1
15 -19 1 0
-40 -10 0 1
18 -63 0 1
1 32 1 0
44 -10 1 0
-60 32 1 0
18 18 1 0
-29 51 0 1
14 -5 1 0
81 0 0 1
6 71 1 0
-4 71 0 1
-51 32 1 0
-27 43 0 1
-43 59 0 1
-5 -16 1 0
-33 -19 1 0
59 53 0 1
42 -1 1 0
-9 49 0 1
-12 -9 0 1
-7 73 0 1
77 1 1 0
62 51 0 1
-47 -64 0 1
-34 -28 1 0
-25 33 0 1
-20 43 0 1
-77 -23 1 0
-9 47 1 0
79 0 0 1
-73 -21 1 0
-47 29 1 0
54 32 1 0
6 -4 1 0
2 -6 0 1
66 -17 0 1
29 2 1 0
47 -27 1 0
-32 -25 0 1
-54 35 0 1
5 -8 0 1
-57 -43 1 0
-18 -8 1 0
-29 -24 0 1
-1 -41 0 1
-15 -39 0 1
6 27 1 0
-52 36 1 0
0 71 1 0
-49 -65 0 1
-71 -3 1 0
-48 40 0 1
64 34 0 1
-41 -7 1 0
10 59 0 1
14 62 0 1
-75 -18 1 0
13 59 0 1
22 19 0 1
40 -55 0 1
4 71 0 1
71 -29 0 1
-8 -12 1 0
26 48 0 1
63 -15 0 1
-19 53 1 0
10 53 1 0
27 -26 0 1
-11 25 1 0
38 -10 1 0
3 59 0 1
10 0 0 1
11 39 0 1
24 26 1 0
41 -5 1 0
42 -38 1 0
4 -32 1 0
-46 -66 0 1
-41 16 0 1
25 50 0 1
10 -71 0 1
-9 34 0 1
-44 -73 1 0
3 -5 0 1
-21 -4 1 0
58 -8 0 1
22 -35 0 1
36 -23 0 1
-46 -66 0 1
-60 -45 0 1
43 35 1 0
-31 -74 0 1
11 -70 0 1
-29 -32 0 1
9 -6 0 1
65 43 1 0
-38 53 1 0
-3 52 0 1
-13 -32 0 1
44 -30 0 1
-68 -10 1 0
-42 50 1 0
18 53 1 0
-12 -9 0 1
-74 -19 1 0
36 0 1 0
-34 58 1 0
54 -8 0 1
-57 -41 1 0
-35 62 0 1
36 -39 0 1
-27 38 1 0
50 57 1 0
-66 -17 1 0
17 -60 1 0
-55 -55 0 1
-47 12 0 1
13 -40 1 0
9 -70 1 0
20 -52 1 0
37 -14 1 0
-75 0 1 0
-7 -44 0 1
-12 -13 1 0
-31 57 1 0
22 21 0 1
27 53 0 1
-73 -21 1 0
-47 29 0 1
-20 26 1 0
-2 68 0 1
-42 30 1 0
60 -46 1 0
11 41 1 0
-37 21 0 1
4 -40 1 0
-23 -2 0 1
-7 -1 1 0
-48 -64 0 1
-60 -55 0 1
-41 30 0 1
-60 -55 1 0
71 -28 0 1
1 71 0 1
10 53 0 1
-2 -43 0 1
61 50 0 1
45 -14 0 1
5 48 0 1
-54 -40 0 1
-30 -73 0 1
7 76 1 0
5 57 1 0
-11 30 1 0
-49 10 0 1
-58 -23 1 0
1 66 1 0
-47 -69 0 1
1 -45 0 1
54 -8 1 0
12 73 1 0
40 23 0 1
-40 -11 0 1
45 -23 0 1
-25 36 0 1
-31 -12 1 0
80 2 1 0
5 63 1 0
8 -72 0 1
15 -1 0 1
77 -6 1 0
-43 55 1 0
-36 -64 0 1
-68 -11 1 0
73 -4 1 0
58 42 0 1
-25 -20 0 1
-73 -14 1 0
31 -30 1 0
35 -21 0 1
25 49 0 1
-20 25 1 0
-27 -34 0 1
5 -30 0 1
-9 -38 1 0
20 15 0 1
45 -2 0 1
-18 -47 1 0
-47 15 0 1
51 32 1 0
-10 68 0 1
31 -23 0 1
59 42 1 0
-1 -47 0 1
-27 52 0 1
-69 2 0 1
23 37 0 1
-11 69 1 0
-28 -40 1 0
-58 -55 1 0
7 68 0 1
35 -13 1 0
11 1 1 0
-20 -40 0 1
24 -33 1 0
-41 28 0 1
38 -59 1 0
-7 64 0 1
-7 27 0 1
-17 53 1 0
10 -18 0 1
12 -39 0 1
23 37 0 1
46 -3 1 0
25 -26 1 0
-58 -45 0 1
-13 -38 0 1
-56 -52 0 1
-68 1 0 1
-15 -20 1 0
-90 -2 1 0
59 42 1 0
26 -28 1 0
2 34 0 1
-47 37 0 1
15 1 0 1
56 29 1 0
-60 -44 0 1
0 45 0 1
-44 -79 1 0
-44 26 0 1
19 4 0 1
24 -9 1 0
51 34 1 0
23 68 0 1
-3 52 0 1
-34 25 1 0
-47 13 1 0
39 -57 1 0
-80 2 1 0
4 57 0 1
-38 32 1 0
-8 18 0 1
29 -31 0 1
55 1 1 0
42 -4 1 0
-32 56 1 0
52 -51 1 0
29 -2 1 0
13 -19 1 0
28 -28 0 1
-48 -71 0 1
-41 15 1 0
50 -12 1 0
34 -43 0 1
-32 -27 1 0
38 -10 1 0
-79 0 0 1
66 37 1 0
-59 -42 1 0
12 61 1 0
11 -30 0 1
3 -23 1 0
-70 -7 1 0
-47 33 0 1
12 70 0 1
49 55 1 0
17 16 0 1
-3 15 0 1
6 76 0 1
-46 -66 0 1
15 -23 1 0
46 -40 1 0
41 -5 1 0
-19 -25 1 0
-6 57 1 0
-5 71 1 0
-38 -73 1 0
11 53 1 0
-1 -20 1 0
-16 -1 1 0
2 59 1 0
-31 -13 0 1
-72 0 1 0
-17 -17 1 0
-47 -67 1 0
-16 24 0 1
32 1 0 1
-11 55 0 1
-20 26 0 1
81 0 0 1
55 34 1 0
-9 58 1 0
13 -38 1 0
64 36 1 0
28 -1 0 1
18 16 0 1
68 30 0 1
-2 -16 1 0
44 -35 1 0
-15 42 1 0
-45 50 0 1
12 42 1 0
-9 65 1 0
25 56 1 0
-74 -21 1 0
28 -31 0 1
-21 -28 0 1
56 39 1 0
-31 56 0 1
10 71 0 1
-10 35 1 0
-13 -13 1 0
0 -29 1 0
-31 -74 0 1
-12 -39 0 1
63 48 0 1
29 -36 0 1
-23 -38 1 0
-15 0 1 0
-69 -7 1 0
-5 -21 1 0
-28 40 0 1
-1 15 1 0
55 -7 0 1
-49 -69 1 0
67 40 1 0
-31 -74 1 0
18 -61 0 1
-6 -46 1 0
41 -1 1 0
-41 -11 0 1
-14 -1 1 0
-75 -21 0 1
-68 2 0 1
-31 -11 0 1
49 2 1 0
64 -20 0 1
9 -16 0 1
-34 -35 0 1
-13 -26 0 1
56 -48 0 1
-16 -38 0 1
51 -34 1 0
-39 46 0 1
0 -46 1 0
-66 -9 0 1
-13 30 1 0
-80 -7 0 1
-36 56 0 1
-33 50 1 0
38 -9 1 0
40 -9 1 0
-14 -8 1 0
-73 -12 1 0
-31 -71 1 0
67 0 0 1
58 -8 0 1
-4 69 0 1
18 61 0 1
36 0 0 1
-1 68 1 0
19 -1 1 0
60 -34 1 0
17 76 1 0
7 -18 1 0
49 55 1 0
52 -56 0 1
-57 -24 1 0
2 -42 1 0
-32 37 0 1
-4 64 1 0
-59 -45 0 1
-13 51 1 0
44 -30 0 1
9 -36 0 1
14 -2 1 0
63 -19 0 1
41 -41 0 1
-58 29 1 0
-2 54 1 0
26 30 1 0
38 0 0 1
34 -43 1 0
79 0 0 1
8 -70 0 1
-11 64 1 0
-32 56 0 1
-77 -22 1 0
-13 -40 1 0
-12 -32 1 0
45 -36 1 0
11 1 0 1
-2 71 1 0
10 -51 0 1
-5 74 1 0
18 54 1 0
12 61 0 1
77 3 1 0
37 -37 1 0
-26 -45 1 0
-12 69 0 1
22 20 1 0
-46 42 0 1
15 1 0 1
1 47 0 1
28 -6 0 1
-32 49 1 0
42 34 1 0
-19 28 1 0
2 45 0 1
72 -32 0 1
7 -11 0 1
4 -42 0 1
64 34 0 1
-16 38 0 1
57 -51 0 1
15 76 1 0
-36 -64 0 1
34 -22 0 1
-73 7 1 0
31 -22 0 1
1 -22 0 1
-38 -76 1 0
33 -24 0 1
14 60 1 0
80 -3 0 1
13 60 0 1
13 42 0 1
5 62 0 1
-80 -10 0 1
1 -20 1 0
-32 -31 1 0
9 -16 0 1
-10 4 1 0
44 33 1 0
-52 40 1 0
72 40 1 0
-42 -63 1 0
-9 -46 1 0
49 -37 1 0
-12 51 1 0
-17 23 1 0
-43 50 0 1
45 -36 1 0
55 36 1 0
-56 -56 0 1
28 -6 1 0
-26 -46 0 1
16 51 1 0
13 -48 1 0
11 -38 1 0
65 42 1 0
2 34 0 1
64 -15 0 1
-75 -22 1 0
23 -2 1 0
-23 45 1 0
50 -43 0 1
-66 -12 1 0
-5 -47 0 1
-10 68 0 1
-41 30 1 0
28 -7 1 0
-26 -46 1 0
-10 16 0 1
17 58 1 0
-41 55 1 0
-75 -10 1 0
-21 -8 1 0
-47 19 0 1
23 -44 0 1
18 -61 0 1
35 -6 0 1
2 -6 0 1
-54 -39 0 1
-23 -3 1 0
7 -44 1 0
8 -42 1 0
57 41 1 0
61 -11 1 0
-11 -1 1 0
-42 53 0 1
54 35 1 0
-57 -54 1 0
-5 15 0 1
3 80 1 0
-59 -57 0 1
-2 63 0 1
-56 30 1 0
9 -65 0 1
-37 55 0 1
-4 -2 0 1
41 37 1 0
-38 54 0 1
-35 51 0 1
-2 -26 0 1
61 -15 0 1
-73 -15 0 1
38 -33 1 0
14 -50 1 0
61 -37 0 1
12 79 1 0
-60 -45 0 1
-63 -45 0 1
-46 -72 0 1
-17 -17 1 0
-77 -22 1 0
14 55 1 0
-7 -44 0 1
50 -42 0 1
26 -43 1 0
25 -3 1 0
-48 -74 0 1
21 -34 1 0
8 -36 0 1
53 55 0 1
68 39 1 0
-48 9 1 0
54 -3 1 0
-23 -28 1 0
10 -52 0 1
65 46 1 0
42 36 1 0
-47 26 0 1
-82 3 0 1
29 -20 0 1
22 63 1 0
0 -48 0 1
-58 30 1 0
-34 -20 0 1
-87 -4 0 1
-76 -21 1 0
-19 -50 0 1
-79 1 0 1
-59 28 1 0
-78 0 0 1
2 -6 0 1
-19 -27 0 1
26 -15 1 0
63 -34 1 0
55 32 1 0
20 -5 0 1
-2 -13 1 0
37 -44 1 0
2 66 0 1
5 29 1 0
58 -50 1 0
-43 49 1 0
53 -10 0 1
27 -7 1 0
75 -1 0 1
44 -17 1 0
57 36 1 0
-51 31 1 0
-7 20 0 1
-11 -11 0 1
-12 28 1 0
4 60 1 0
-78 0 0 1
-26 -38 0 1
-79 -8 0 1
6 63 1 0
48 -32 1 0
51 -42 0 1
14 -61 0 1
-63 -45 0 1
24 -19 0 1
9 -51 1 0
24 55 1 0
23 25 1 0
41 16 1 0
-76 -10 1 0
15 75 0 1
-17 23 0 1
11 3 1 0
-31 -25 1 0
-37 -15 1 0
51 55 1 0
55 36 1 0
32 0 0 1
8 69 0 1
-24 33 0 1
43 0 0 1
9 -18 1 0
-23 -3 1 0
10 -71 1 0
-5 -3 1 0
-78 1 0 1
52 -3 1 0
-50 -51 1 0
-44 57 1 0
-38 59 1 0
-14 51 0 1
-1 -19 1 0
-7 -44 0 1
-74 -20 0 1
-49 8 0 1
-10 34 1 0
-45 18 0 1
71 38 1 0
44 -8 1 0
63 43 1 0
38 -14 1 0
64 -33 1 0
-26 40 0 1
-36 -17 0 1
42 -56 0 1
18 -34 1 0
82 0 0 1
-51 41 1 0
-11 50 1 0
-36 -63 0 1
-35 44 0 1
-56 -47 0 1
29 3 1 0
2 -6 0 1
2 34 0 1
-3 -38 1 0
23 22 1 0
3 81 1 0
-45 37 1 0
-20 43 0 1
-23 30 1 0
-22 -29 0 1
47 -13 1 0
-61 30 0 1
-52 40 0 1
-32 47 0 1
-19 -51 1 0
-12 -3 1 0
12 61 0 1
-60 -45 0 1
-12 -12 1 0
-38 51 1 0
-79 -8 1 0
36 -43 1 0
-12 -34 1 0
-56 -45 0 1
-37 -17 1 0
-43 44 1 0
-14 58 1 0
-60 -45 0 1
-80 -10 1 0
18 16 0 1
-32 -17 0 1
44 -23 1 0
6 -74 1 0
62 51 0 1
-54 -53 1 0
-84 -2 1 0
-34 -35 0 1
-12 30 0 1
37 -12 1 0
-6 53 1 0
19 52 1 0
-35 26 1 0
-35 -70 1 0
41 19 1 0
-13 -31 0 1
6 27 0 1
8 -65 0 1
-56 -48 1 0
35 -5 0 1
-9 -36 0 1
50 -35 0 1
-47 50 1 0
-7 27 1 0
-51 -57 1 0
41 -58 1 0
-4 -9 1 0
6 61 1 0
-1 50 0 1
-41 -10 0 1
53 40 1 0
22 21 1 0
-19 -28 0 1
36 -27 1 0
-25 -48 1 0
-47 -63 1 0
-46 -63 1 0
24 -42 0 1
-2 -1 1 0
-1 -14 1 0
52 -43 0 1
-26 -21 1 0
-49 -61 0 1
-14 -1 1 0
-13 -3 1 0
63 44 1 0
-35 58 1 0
27 -43 1 0
48 -4 1 0
-15 27 1 0
46 -27 1 0
-77 1 0 1
11 -29 1 0
-79 2 0 1
43 19 1 0
-9 3 1 0
-15 54 0 1
24 -26 0 1
-10 46 1 0
-60 -55 1 0
-13 50 0 1
-16 38 0 1
25 -7 1 0
-16 42 0 1
32 -32 0 1
9 -15 0 1
11 -34 0 1
2 46 0 1
11 39 0 1
-10 -45 1 0
-19 -40 1 0
-32 46 0 1
-55 -40 0 1
-15 0 1 0
-27 -39 1 0
-8 17 0 1
-46 25 1 0
-18 -53 0 1
-10 0 0 1
16 -36 1 0
-3 50 1 0
27 52 1 0
-53 33 1 0
-16 53 0 1
19 48 1 0
25 29 1 0
65 44 1 0
-53 44 1 0
-16 59 0 1
-56 -47 0 1
31 2 0 1
-45 48 1 0
-13 62 0 1
-72 -13 1 0
-58 -29 1 0
56 34 0 1
14 53 1 0
52 -11 1 0
-19 -50 0 1
27 30 1 0
66 44 0 1
-1 15 1 0
-43 -13 0 1
-46 -66 0 1
-8 -33 0 1
0 46 1 0
61 -37 0 1
68 39 1 0
-36 36 0 1
4 -5 0 1
8 52 1 0
10 -51 0 1
23 -48 1 0
-1 50 1 0
-51 32 0 1
13 0 1 0
18 -63 1 0
-36 -63 0 1
-3 -13 1 0
18 -55 0 1
-32 -74 1 0
-34 -35 0 1
-17 -2 0 1
18 54 0 1
8 -36 0 1
-26 45 1 0
-10 -28 0 1
50 -42 1 0
32 0 0 1
20 -41 1 0
-15 -1 1 0
-11 70 1 0
-53 -58 1 0
65 44 1 0
62 -18 0 1
-56 48 0 1
-78 0 0 1
19 -1 1 0
-40 46 0 1
-6 25 1 0
-25 -47 1 0
2 45 0 1
-3 -47 1 0
-4 -23 1 0
19 46 1 0
48 -27 1 0
17 -42 1 0
14 57 1 0
32 -57 1 0
-47 -65 1 0
64 46 1 0
-30 -34 0 1
22 -44 1 0
-75 -19 1 0
37 -12 1 0
63 -18 0 1
61 -13 1 0
32 -11 0 1
3 -23 1 0
6 -75 1 0
63 26 1 0
52 -56 0 1
25 51 0 1
71 39 0 1
13 63 0 1
-4 62 1 0
-26 -39 1 0
42 -36 1 0
-46 38 0 1
-27 42 0 1
52 -47 0 1
4 -29 1 0
-35 36 0 1
-41 45 1 0
72 -32 0 1
-33 46 0 1
-46 25 1 0
-13 24 1 0
10 -52 0 1
-48 31 1 0
0 50 0 1
12 53 1 0
57 -45 1 0
-34 63 0 1
22 53 1 0
26 30 1 0
20 -3 0 1
57 52 0 1
-54 35 0 1
82 -4 0 1
12 59 1 0
-5 27 0 1
-41 37 1 0
-39 30 0 1
58 -15 1 0
3 69 0 1
-35 -15 0 1
-77 2 0 1
-79 1 0 1
14 74 1 0
-50 17 0 1
-79 0 0 1
-21 -30 1 0
55 -7 0 1
-39 -64 1 0
-11 34 1 0
53 -38 1 0
55 -38 0 1
9 58 1 0
-18 -2 0 1
7 62 1 0
38 -59 1 0
-23 -2 0 1
14 62 1 0
32 -1 1 0
11 2 0 1
55 -8 0 1
-59 33 1 0
-25 43 0 1
-37 -27 1 0
-38 31 0 1
-26 -46 0 1
55 41 1 0
-74 -8 1 0
10 -68 1 0
-11 58 0 1
48 32 1 0
-16 41 0 1
52 31 0 1
57 -44 1 0
8 70 1 0
30 -22 0 1
-59 31 1 0
-50 -60 0 1
50 -36 0 1
22 18 1 0
17 52 1 0
4 -42 0 1
2 44 0 1
-5 -11 1 0
-14 -46 1 0
10 59 0 1
-41 -10 0 1
-33 41 0 1
-4 53 0 1
-31 51 0 1
53 -54 1 0
-13 -19 0 1
-11 34 1 0
-11 -10 1 0
37 -12 0 1
30 -28 0 1
-21 -27 1 0
63 -20 1 0
-6 53 1 0
-14 24 0 1
69 -28 0 1
-59 -42 1 0
5 -35 0 1
-26 40 0 1
0 -43 0 1
41 18 0 1
-32 -11 1 0
14 57 0 1
9 72 0 1
6 44 1 0
-45 51 0 1
-47 16 0 1
-33 26 0 1
-41 32 1 0
24 54 0 1
1 -44 1 0
20 -36 1 0
-40 -13 0 1
21 45 0 1
49 55 1 0
-4 15 0 1
-11 -45 1 0
-42 -76 0 1
-42 15 0 1
8 -65 0 1
6 45 0 1
27 -14 1 0
18 -24 0 1
-33 47 0 1
9 -70 1 0
-14 27 1 0
-49 -59 0 1
-77 0 0 1
-15 47 0 1
27 -11 1 0
-80 -10 0 1
13 40 0 1
-50 -56 0 1
23 33 0 1
-10 33 0 1
36 -39 1 0
-51 31 1 0
-13 25 0 1
48 -18 1 0
-16 25 1 0
-15 40 0 1
60 -13 1 0
74 -1 0 1
27 -32 0 1
-25 -35 1 0
-3 52 0 1
-43 -65 0 1
20 -18 0 1
-2 -3 1 0
21 22 0 1
63 -33 0 1
-32 -11 1 0
3 -5 0 1
6 -42 0 1
24 -42 1 0
-4 52 0 1
45 -3 1 0
-34 -33 0 1
19 46 1 0
-78 2 0 1
-21 -30 1 0
-77 3 0 1
40 23 1 0
8 -71 0 1
2 32 1 0
-59 -21 1 0
-35 47 1 0
-25 -40 1 0
-24 -23 1 0
54 -47 1 0
44 15 1 0
9 72 1 0
-77 -2 1 0
22 -10 1 0
-36 35 0 1
7 50 1 0
5 -30 1 0
-53 43 1 0
5 29 1 0
29 -35 0 1
54 40 1 0
11 -38 0 1
37 -12 0 1
-57 -24 1 0
-18 -3 1 0
25 -24 0 1
21 -10 0 1
-16 -38 0 1
43 16 0 1
11 53 1 0
6 27 1 0
-79 -3 1 0
21 -55 0 1
7 67 1 0
-8 -45 1 0
14 75 0 1
-11 -6 1 0
-48 31 1 0
-46 -66 1 0
-50 -60 0 1
26 -2 0 1
63 -18 0 1
8 50 1 0
54 32 1 0
18 -10 0 1
20 -22 1 0
-10 16 0 1
63 24 0 1
-78 2 0 1
5 -30 0 1
-50 34 0 1
-37 18 0 1
15 -20 0 1
-42 -12 1 0
17 -55 0 1
-25 -20 0 1
-38 30 1 0
-37 -15 1 0
45 -48 1 0
3 58 1 0
-41 -74 1 0
61 -32 1 0
-3 13 1 0
-44 48 1 0
58 -7 1 0
60 51 0 1
49 2 1 0
0 45 0 1
-4 71 1 0
18 -15 0 1
10 -52 0 1
50 -38 0 1
6 -32 1 0
49 1 0 1
-72 -1 1 0
-12 25 0 1
0 -43 0 1
-53 -53 1 0
63 25 0 1
13 -4 1 0
13 42 0 1
56 27 1 0
5 -24 1 0
-72 -21 1 0
-82 -1 1 0
43 -4 1 0
13 -34 0 1
27 -30 1 0
-66 -13 1 0
14 43 0 1
9 58 0 1
-81 -1 1 0
-40 18 0 1
-13 -46 0 1
-48 -62 0 1
-48 -75 1 0
52 31 0 1
49 -47 1 0
-32 48 0 1
3 -7 1 0
20 60 0 1
-13 -34 0 1
65 -18 0 1
-46 16 1 0
43 -58 1 0
-47 -66 0 1
-16 38 0 1
75 1 0 1
70 -30 1 0
-52 -59 1 0
-27 41 1 0
3 69 0 1
-29 -35 0 1
49 32 0 1
-10 -11 1 0
54 -9 1 0
-38 -71 1 0
-38 -63 1 0
-11 29 1 0
65 37 1 0
58 43 1 0
-84 0 0 1
-14 -35 0 1
-50 -60 0 1
19 60 1 0
35 -30 0 1
18 -9 1 0
10 -27 1 0
-7 32 0 1
-63 -45 0 1
69 -28 0 1
45 -13 0 1
-3 -6 0 1
-25 -39 0 1
11 59 0 1
20 16 0 1
61 -15 1 0
-42 -15 1 0
11 61 0 1
-1 -21 1 0
37 -12 0 1
-70 -12 1 0
-59 -45 0 1
-59 -42 1 0
-90 -3 0 1
-7 45 0 1
-60 35 1 0
15 -60 1 0
-25 41 0 1
42 15 1 0
-17 -39 0 1
11 39 0 1
47 -36 1 0
7 -73 1 0
41 18 0 1
21 52 1 0
51 31 0 1
-30 57 1 0
17 0 0 1
6 27 1 0
38 0 1 0
24 -19 0 1
20 -8 1 0
19 58 1 0
-69 -10 0 1
-31 49 1 0
36 -12 1 0
-78 1 0 1
-31 -11 0 1
-53 -53 0 1
-10 69 0 1
-18 0 1 0
4 -36 1 0
-19 -7 1 0
-17 -5 1 0
-50 40 0 1
-41 -9 0 1
-23 -11 1 0
-26 41 0 1
53 0 1 0
36 -27 1 0
-67 2 1 0
8 -67 1 0
50 58 1 0
59 43 1 0
-46 -74 0 1
26 -33 1 0
-9 34 1 0
54 31 0 1
54 -9 1 0
0 -43 0 1
-3 -2 0 1
69 -26 1 0
-27 -35 0 1
-38 30 0 1
-31 48 1 0
-12 -43 1 0
59 52 0 1
-40 -14 0 1
22 -39 1 0
-34 54 1 0
10 -1 1 0
48 -14 1 0
3 -4 1 0
-17 39 1 0
52 -56 0 1
56 -8 0 1
54 30 1 0
45 18 1 0
-24 -36 0 1
-20 70 1 0
-53 35 0 1
38 -33 1 0
-26 45 0 1
29 -6 0 1
10 -30 0 1
-78 1 0 1
8 -10 0 1
8 -65 0 1
35 -11 1 0
1 -41 1 0
78 1 0 1
-22 -24 0 1
29 -31 0 1
25 -45 0 1
-22 -1 1 0
-2 -38 0 1
-32 -12 0 1
23 -45 0 1
-69 -10 0 1
-71 -12 0 1
35 -60 1 0
65 -32 1 0
-56 -56 1 0
-31 32 1 0
46 -51 1 0
-30 -74 1 0
-42 -13 0 1
-47 18 1 0
13 -34 1 0
74 -1 0 1
-5 57 1 0
-9 -18 1 0
-79 -10 1 0
27 -8 1 0
-46 -72 0 1
-46 -67 0 1
-20 -50 1 0
6 -18 0 1
-49 8 0 1
2 35 0 1
45 -35 1 0
