-31 50 0 1
20 9 0 1
-27 -38 1 0
-59 -12 1 0
19 83 0 1
74 13 0 1
-17 60 0 1
5 67 0 1
-2 78 1 0
-67 -16 0 1
7 77 0 1
82 -10 1 0
-27 52 1 0
14 18 0 1
51 -9 0 1
-1 -76 0 1
-8 56 0 1
35 23 0 1
21 75 0 1
-28 -65 1 0
-35 39 0 1
4 80 0 1
-48 35 0 1
1 7 0 1
23 26 1 0
-6 -72 1 0
35 -29 1 0
-15 -55 1 0
-24 9 1 0
8 -20 1 0
-25 -44 0 1
37 -2 1 0
18 37 1 0
26 -5 0 1
-51 -35 1 0
44 0 1 0
40 5 1 0
-30 -60 0 1
33 -9 1 0
0 -68 1 0
-5 49 0 1
-18 59 1 0
32 46 1 0
19 83 0 1
-32 -33 0 1
85 -3 0 1
-74 -13 0 1
77 -3 1 0
9 88 1 0
44 3 1 0
-82 -26 1 0
-35 46 1 0
-44 33 1 0
19 -53 0 1
28 -36 0 1
6 78 0 1
3 33 0 1
50 -8 1 0
0 3 1 0
18 71 1 0
45 48 0 1
29 -11 1 0
-29 17 1 0
38 10 1 0
30 68 0 1
-31 -29 1 0
0 -25 0 1
13 64 0 1
20 54 1 0
4 -50 0 1
-18 -30 0 1
28 -40 0 1
10 83 1 0
-24 -26 1 0
11 -54 1 0
31 65 0 1
0 -79 1 0
0 52 0 1
61 -39 1 0
82 -16 1 0
-56 30 0 1
-32 -60 0 1
-41 -53 0 1
-37 0 1 0
30 -4 1 0
-46 -18 0 1
-63 3 0 1
41 39 0 1
33 28 0 1
37 9 1 0
-13 -13 1 0
47 -55 0 1
12 81 1 0
4 -67 1 0
81 -18 1 0
-57 7 1 0
12 80 1 0
-14 -56 1 0
5 43 0 1
7 -20 1 0
-60 -12 0 1
54 -44 0 1
-35 -34 1 0
-11 52 0 1
39 -10 0 1
46 33 0 1
21 -64 0 1
11 85 0 1
-31 -55 0 1
10 15 1 0
12 -71 0 1
61 1 0 1
-78 -5 1 0
-11 -61 1 0
39 -10 0 1
0 -57 0 1
21 29 1 0
25 -67 0 1
-30 14 0 1
-3 34 1 0
-12 61 0 1
-26 -39 1 0
54 20 1 0
14 21 1 0
54 -44 0 1
-48 7 0 1
10 -51 0 1
30 -36 0 1
16 77 1 0
-25 56 1 0
-17 0 0 1
4 93 1 0
-4 30 1 0
60 -41 1 0
14 36 1 0
82 -5 0 1
3 -54 1 0
21 -65 0 1
0 -77 1 0
-56 29 0 1
-32 40 0 1
-33 -51 0 1
9 45 0 1
-41 24 1 0
-19 5 1 0
-8 -43 0 1
-3 -9 1 0
-50 3 0 1
-28 53 1 0
-51 -36 0 1
12 74 1 0
1 52 0 1
20 30 0 1
-13 13 1 0
81 -17 0 1
-4 -37 0 1
-31 -34 0 1
54 -2 0 1
2 34 1 0
-5 -30 1 0
-59 -27 0 1
-76 -10 1 0
-1 83 0 1
-40 22 1 0
22 55 1 0
54 -2 0 1
55 11 1 0
-8 -70 1 0
80 -17 0 1
31 -43 0 1
-35 -1 0 1
-48 35 0 1
-18 -32 1 0
85 0 0 1
-18 -30 0 1
13 -54 1 0
33 -42 0 1
-48 -29 1 0
11 83 1 0
-2 -38 0 1
1 10 1 0
-82 -30 1 0
26 -42 0 1
0 -35 0 1
-82 5 0 1
10 -51 0 1
1 34 0 1
-16 -56 1 0
-74 -1 1 0
-79 4 1 0
-74 -2 1 0
-83 3 0 1
73 -14 0 1
27 -10 1 0
-29 -61 1 0
-15 5 1 0
-49 -29 1 0
-51 4 0 1
-60 12 0 1
56 8 1 0
28 54 1 0
-15 55 1 0
5 43 0 1
0 73 1 0
-77 -28 1 0
55 25 1 0
65 21 0 1
-3 77 1 0
1 -35 1 0
8 -8 1 0
31 -11 1 0
-5 -52 0 1
-6 38 1 0
-56 -14 0 1
-7 -71 1 0
39 -16 1 0
-14 -56 1 0
-37 -35 1 0
10 81 0 1
13 -32 0 1
-4 -48 1 0
45 48 0 1
7 -19 0 1
30 -26 0 1
-7 -75 1 0
28 -60 1 0
-30 32 0 1
25 65 1 0
-32 -33 0 1
-31 8 1 0
19 83 0 1
-15 57 1 0
-10 -77 1 0
11 2 0 1
-65 -10 1 0
-1 49 0 1
-9 -45 1 0
26 -42 0 1
48 -51 0 1
33 44 1 0
0 -66 1 0
-67 -8 0 1
-66 -9 1 0
55 24 0 1
-4 -16 0 1
-32 39 1 0
-48 4 0 1
43 -18 0 1
86 0 1 0
29 -36 0 1
29 -8 1 0
19 82 1 0
16 -36 1 0
-42 22 0 1
46 33 0 1
0 8 1 0
-74 19 0 1
-9 -34 1 0
11 65 1 0
-45 22 1 0
85 -1 0 1
26 -43 0 1
0 75 1 0
-9 -31 0 1
-41 -51 1 0
65 -17 0 1
-18 -53 0 1
16 8 0 1
17 57 1 0
1 -24 0 1
-1 -76 1 0
0 84 0 1
-52 6 1 0
50 -40 1 0
-35 46 1 0
4 -67 1 0
65 -20 1 0
39 5 1 0
-63 4 0 1
3 34 0 1
-33 -33 1 0
-48 4 0 1
30 68 1 0
6 -1 1 0
-6 39 1 0
20 14 1 0
21 -61 1 0
-75 23 1 0
-19 -28 0 1
78 -2 0 1
40 -11 0 1
-32 -27 1 0
-33 -52 0 1
15 0 1 0
-22 -46 1 0
-26 -21 0 1
-21 -24 0 1
27 35 1 0
-44 -19 0 1
-15 -4 1 0
65 21 0 1
15 -33 0 1
-58 -15 1 0
-17 61 1 0
-2 -80 1 0
-73 -23 1 0
-13 -15 0 1
-52 33 0 1
7 -4 1 0
27 -43 0 1
54 -43 1 0
35 8 1 0
19 -50 0 1
-13 -60 1 0
7 79 0 1
16 53 0 1
44 -13 0 1
23 26 1 0
-72 25 1 0
9 75 1 0
-59 -27 0 1
18 83 0 1
-36 48 1 0
-4 -27 0 1
-40 21 1 0
20 8 0 1
-2 8 0 1
-74 -10 1 0
11 30 1 0
29 -61 1 0
-21 -21 1 0
-49 35 0 1
-12 -59 1 0
-78 -28 1 0
-83 -28 0 1
-35 -2 0 1
-8 -74 0 1
-1 85 0 1
75 -18 1 0
0 3 1 0
39 7 1 0
82 0 1 0
-69 -17 1 0
-77 -28 1 0
10 2 1 0
-77 19 1 0
-43 -50 1 0
-8 21 0 1
-53 -34 0 1
-67 29 0 1
41 38 1 0
19 -52 0 1
-16 -16 1 0
-43 -54 0 1
20 -68 1 0
83 -10 1 0
48 -56 1 0
-1 -81 0 1
62 -40 1 0
74 13 0 1
-48 -28 1 0
-14 -20 1 0
62 -41 1 0
71 -22 0 1
-23 -44 1 0
31 30 1 0
-19 5 1 0
-9 -54 1 0
2 -57 1 0
42 49 0 1
-12 -62 0 1
11 -23 1 0
13 22 0 1
-59 -20 1 0
-70 24 0 1
30 -22 0 1
20 31 0 1
-6 39 1 0
-24 24 0 1
-75 18 1 0
54 17 0 1
-57 -25 0 1
-8 -34 1 0
28 -66 1 0
-68 23 1 0
-39 -50 0 1
-25 9 0 1
43 -18 0 1
-16 56 1 0
-54 5 1 0
-74 -14 0 1
-49 2 0 1
19 83 0 1
-24 -43 1 0
-4 77 0 1
6 13 1 0
84 -1 0 1
29 56 0 1
-9 62 0 1
39 48 1 0
54 19 0 1
48 44 1 0
24 -13 1 0
-10 -55 1 0
-76 -7 0 1
26 -40 0 1
-7 -43 0 1
-23 18 1 0
73 12 0 1
-66 34 0 1
-3 45 1 0
17 53 0 1
40 5 1 0
15 -30 0 1
-12 14 0 1
17 52 1 0
14 22 1 0
-37 22 1 0
69 18 0 1
43 -35 0 1
-14 13 1 0
-26 -21 1 0
51 -9 0 1
54 -44 0 1
24 25 1 0
-61 29 1 0
31 0 1 0
-27 14 0 1
31 -43 0 1
-30 13 0 1
62 -42 1 0
-4 50 1 0
62 -24 0 1
27 -65 1 0
-30 13 0 1
49 -11 1 0
-20 -35 1 0
-8 -28 1 0
13 30 0 1
-80 -25 1 0
29 57 0 1
16 70 0 1
-77 -5 0 1
-3 0 1 0
9 87 1 0
22 -66 0 1
11 30 1 0
25 27 1 0
24 4 0 1
-18 -31 0 1
-5 0 1 0
2 87 1 0
32 22 1 0
-26 -24 1 0
-27 -39 1 0
20 31 0 1
30 -25 0 1
-2 17 1 0
38 -13 1 0
-49 30 1 0
-29 -55 0 1
47 -6 0 1
30 -23 0 1
30 -11 1 0
18 52 1 0
-42 -15 0 1
23 68 0 1
-77 18 0 1
-75 -14 0 1
-45 27 1 0
-26 3 1 0
19 -69 1 0
33 -43 0 1
12 23 1 0
53 -6 1 0
-62 -11 1 0
1 -9 1 0
52 -9 0 1
-27 2 1 0
40 7 0 1
62 -40 0 1
52 -3 0 1
-73 -15 0 1
15 66 0 1
46 34 1 0
-7 30 0 1
44 39 0 1
-32 -37 1 0
49 -34 0 1
15 -33 0 1
-75 -6 1 0
15 73 0 1
-32 -33 0 1
16 -38 0 1
56 2 1 0
-56 30 0 1
3 40 0 1
4 86 0 1
65 -21 0 1
14 37 1 0
63 7 0 1
27 -6 1 0
-26 26 0 1
-21 -38 1 0
19 -49 0 1
-67 29 0 1
-31 -29 1 0
-54 -11 1 0
-37 -58 1 0
8 -8 1 0
27 -11 0 1
-9 -31 1 0
-35 -36 0 1
-2 77 1 0
18 4 0 1
78 9 1 0
30 -25 0 1
31 60 1 0
-24 -21 0 1
9 -53 0 1
-12 62 0 1
35 26 0 1
27 -69 1 0
-43 21 1 0
-56 -14 0 1
17 57 1 0
8 -5 0 1
35 6 0 1
-21 -39 1 0
-77 -5 0 1
-21 67 0 1
-56 28 0 1
-13 -57 1 0
19 -67 1 0
-60 -18 0 1
-65 26 1 0
26 -69 0 1
16 81 1 0
-27 31 0 1
10 81 0 1
-48 34 0 1
9 3 1 0
48 -51 0 1
75 15 1 0
-68 20 0 1
-47 33 1 0
-24 59 1 0
57 5 0 1
62 -41 0 1
-15 5 1 0
-27 29 0 1
-65 33 0 1
0 16 1 0
-27 32 0 1
9 -5 0 1
11 2 0 1
39 -17 0 1
-59 -18 0 1
8 -8 1 0
-31 54 0 1
14 -52 0 1
6 44 0 1
-76 18 1 0
-26 0 1 0
29 -36 0 1
0 -8 0 1
-22 -5 1 0
30 -4 1 0
3 33 0 1
13 65 0 1
-62 -27 0 1
32 48 0 1
-43 4 0 1
-18 -56 1 0
-48 8 1 0
18 37 0 1
-1 -9 1 0
42 6 1 0
55 2 1 0
7 -3 0 1
19 -68 1 0
-7 -70 1 0
19 -49 0 1
-49 -36 0 1
-8 -71 1 0
75 -19 1 0
48 31 1 0
-83 -29 0 1
-1 -81 0 1
-58 12 1 0
-66 28 1 0
-61 -11 0 1
-13 -20 1 0
65 -17 0 1
56 -43 0 1
65 -16 0 1
-17 35 1 0
84 -14 1 0
8 -74 1 0
-28 51 0 1
4 -73 0 1
-56 -17 1 0
32 22 1 0
32 -43 0 1
47 -6 0 1
11 65 1 0
2 -57 1 0
-4 32 1 0
35 -28 0 1
15 32 1 0
69 18 0 1
33 -22 1 0
-2 11 1 0
-57 29 1 0
-25 -61 1 0
85 0 0 1
-29 0 1 0
5 -34 1 0
0 8 1 0
-4 -17 1 0
22 56 0 1
81 -17 0 1
-38 38 1 0
-59 -27 0 1
32 29 0 1
30 -4 1 0
18 4 0 1
-35 35 1 0
-66 29 1 0
-10 -77 1 0
17 53 0 1
34 46 0 1
-52 33 0 1
-4 -28 0 1
-22 -22 0 1
8 -20 0 1
-12 -41 0 1
-76 21 0 1
36 26 0 1
-7 56 0 1
49 -34 0 1
-5 39 0 1
28 35 1 0
-15 12 1 0
-7 -74 0 1
-13 -15 0 1
19 83 0 1
-23 10 1 0
44 3 1 0
86 -1 1 0
38 39 1 0
31 -43 0 1
-48 3 0 1
43 49 1 0
43 -35 0 1
-53 -34 0 1
-13 -66 0 1
49 -55 1 0
18 -68 0 1
0 -65 1 0
29 57 1 0
74 13 0 1
-45 6 1 0
12 -54 1 0
15 -38 1 0
18 -68 0 1
5 -77 1 0
47 29 1 0
82 0 0 1
-28 33 0 1
49 -34 0 1
-1 -16 1 0
-5 -30 0 1
-75 26 0 1
27 30 0 1
8 77 0 1
7 91 1 0
28 -36 0 1
-15 57 1 0
-41 -53 0 1
-8 -56 0 1
-81 0 0 1
20 9 0 1
-5 19 1 0
2 -55 1 0
-31 -33 0 1
26 26 1 0
42 49 1 0
-47 4 0 1
-17 58 0 1
-51 5 0 1
62 7 0 1
-23 24 1 0
-74 -23 0 1
8 -5 0 1
-78 -3 0 1
-32 39 0 1
62 8 1 0
10 63 1 0
-80 -28 0 1
-48 4 0 1
4 45 1 0
-57 -24 1 0
11 28 0 1
0 34 1 0
26 25 1 0
-21 -38 1 0
35 26 0 1
51 -29 0 1
-38 38 1 0
1 -60 0 1
4 -51 1 0
29 24 1 0
-12 -52 1 0
-22 57 1 0
-70 25 0 1
-21 57 0 1
-30 53 0 1
-2 43 1 0
-31 -62 0 1
24 -9 1 0
-41 22 0 1
2 -54 0 1
55 11 0 1
40 42 1 0
-4 41 0 1
-31 -27 1 0
7 -69 1 0
21 8 0 1
-1 -16 1 0
-18 -49 1 0
-9 -78 1 0
-32 39 1 0
-18 -18 1 0
-1 9 1 0
81 -17 0 1
60 -38 0 1
-81 -25 1 0
-49 2 0 1
22 -67 0 1
23 63 1 0
22 78 1 0
1 50 1 0
41 6 0 1
6 -77 1 0
-67 30 0 1
44 -12 0 1
-33 41 0 1
-21 -28 1 0
-24 19 0 1
-7 -67 1 0
-64 5 0 1
-7 -42 1 0
-3 -31 1 0
22 27 1 0
12 -6 1 0
-75 19 1 0
0 88 0 1
-1 -41 1 0
-7 -56 1 0
47 -12 1 0
0 -60 1 0
-16 -30 1 0
31 34 1 0
0 -9 0 1
-17 67 1 0
16 70 1 0
6 -75 1 0
-1 -75 1 0
45 32 0 1
2 -25 1 0
4 92 0 1
-18 -31 1 0
41 -18 1 0
-19 -29 0 1
76 14 0 1
-62 -27 0 1
40 7 0 1
-36 0 0 1
22 4 1 0
4 92 0 1
18 -52 0 1
62 8 0 1
-20 -2 1 0
-7 30 0 1
9 10 0 1
-8 -28 1 0
47 -12 1 0
54 -44 0 1
52 -29 0 1
30 48 1 0
-67 -17 1 0
-14 -12 1 0
-35 -1 0 1
-13 63 0 1
15 -32 1 0
-64 35 1 0
34 8 1 0
-59 12 0 1
-13 -56 1 0
-32 -33 0 1
32 1 1 0
10 -24 0 1
76 13 0 1
26 -40 0 1
29 -63 1 0
-30 -54 0 1
-49 34 0 1
-9 49 1 0
28 56 0 1
-60 -17 0 1
-17 36 0 1
54 -1 0 1
48 45 1 0
-28 14 0 1
30 -26 0 1
16 -38 1 0
-26 -51 0 1
-32 -1 0 1
-3 8 0 1
-26 3 1 0
50 -29 0 1
-4 77 0 1
46 -54 1 0
79 -18 0 1
-42 21 0 1
51 -10 0 1
-20 66 0 1
6 -67 1 0
63 7 0 1
-16 -54 1 0
-26 27 0 1
56 8 1 0
-64 5 0 1
14 13 1 0
12 63 0 1
-27 27 1 0
11 68 1 0
-2 11 1 0
-30 31 0 1
48 31 1 0
9 -2 1 0
-36 48 1 0
4 92 0 1
32 29 0 1
62 9 0 1
47 -34 0 1
51 -50 0 1
29 66 1 0
-21 67 0 1
-19 -31 1 0
21 5 0 1
4 39 1 0
-59 11 0 1
-9 18 0 1
32 46 1 0
-17 36 0 1
7 77 0 1
47 -34 0 1
27 70 1 0
48 -29 1 0
-30 33 0 1
8 76 1 0
-83 -30 0 1
-75 -11 1 0
13 -32 1 0
17 8 0 1
12 63 0 1
-20 4 1 0
-35 0 0 1
45 -55 1 0
-2 -37 1 0
44 -35 0 1
-11 -15 0 1
-12 -40 1 0
-23 -1 1 0
36 9 0 1
18 -52 0 1
-31 -1 1 0
52 -48 1 0
12 -54 0 1
-25 11 1 0
27 70 1 0
29 17 0 1
-65 34 0 1
-30 -42 1 0
61 -39 1 0
-16 -49 0 1
2 87 1 0
45 48 0 1
-30 -59 0 1
77 -2 1 0
-29 18 0 1
-48 9 1 0
-48 2 1 0
54 10 0 1
18 37 0 1
5 67 0 1
26 -69 0 1
36 6 1 0
41 39 0 1
-15 3 1 0
0 -76 0 1
23 26 1 0
-56 30 0 1
-54 -12 1 0
65 20 0 1
-56 -14 0 1
-29 -40 1 0
-52 -32 1 0
30 -23 0 1
23 -8 1 0
8 -72 0 1
0 -64 1 0
30 -27 0 1
-29 -61 0 1
24 -12 1 0
65 -15 0 1
-49 -36 0 1
-30 16 0 1
41 5 0 1
-2 12 1 0
2 16 0 1
-27 2 0 1
45 47 0 1
-56 -23 1 0
81 -16 1 0
39 47 1 0
3 34 0 1
22 30 1 0
14 18 0 1
-35 46 0 1
-18 4 1 0
48 -40 1 0
-8 -71 0 1
-83 3 0 1
52 30 1 0
37 -2 1 0
53 27 0 1
-19 -27 0 1
-25 25 0 1
30 31 1 0
62 -40 1 0
40 -15 1 0
-43 -49 1 0
-1 43 1 0
-63 4 0 1
-9 -47 1 0
-33 49 1 0
0 -25 0 1
-67 29 0 1
-18 0 0 1
83 -15 0 1
-9 -31 0 1
-74 -14 0 1
65 -18 0 1
3 -57 0 1
-1 75 1 0
-10 55 1 0
-59 10 0 1
-49 -36 0 1
-16 -16 1 0
32 2 0 1
29 -22 0 1
-24 -40 1 0
30 -2 1 0
1 34 0 1
31 -34 1 0
6 -79 0 1
-4 1 1 0
19 83 0 1
4 -54 1 0
-53 -21 1 0
-7 31 0 1
6 -73 1 0
3 -22 1 0
-50 31 1 0
85 0 0 1
82 -5 0 1
-48 36 0 1
-72 -16 0 1
-49 -36 0 1
11 -2 1 0
-49 1 0 1
30 -27 0 1
-55 -32 1 0
-25 24 0 1
34 23 0 1
-17 67 1 0
56 8 1 0
43 -33 1 0
-77 -5 0 1
63 7 0 1
10 81 0 1
-4 -27 1 0
-32 -37 1 0
-58 -16 1 0
2 87 1 0
-27 31 0 1
0 -36 1 0
49 44 1 0
11 -2 1 0
2 88 1 0
28 31 0 1
-49 -35 0 1
-49 3 0 1
-76 22 1 0
76 14 0 1
-76 17 1 0
18 80 1 0
31 47 1 0
1 -23 0 1
1 52 0 1
2 16 0 1
-74 -1 1 0
41 -17 1 0
-72 -16 0 1
-61 -17 1 0
32 47 0 1
-58 -24 0 1
17 -70 1 0
-31 -38 1 0
26 36 0 1
49 -34 0 1
-81 -28 0 1
19 4 0 1
0 85 0 1
-36 -35 1 0
50 -30 0 1
53 9 1 0
-80 -28 0 1
22 -60 0 1
69 18 1 0
54 -26 0 1
-75 17 1 0
-63 4 0 1
-1 -56 1 0
63 9 0 1
56 4 1 0
82 -4 1 0
-5 50 1 0
-60 -13 1 0
11 81 1 0
-25 14 1 0
14 -32 1 0
-25 23 0 1
11 -54 1 0
-41 -56 1 0
-23 -4 1 0
30 56 1 0
12 14 1 0
24 -70 1 0
2 -56 1 0
29 -28 0 1
-13 63 0 1
61 1 0 1
85 -3 1 0
26 65 1 0
84 -4 1 0
-27 35 1 0
-1 83 0 1
-14 5 1 0
65 -22 0 1
5 -66 0 1
-62 14 1 0
-18 -51 0 1
-42 21 0 1
3 -32 1 0
49 -29 1 0
-37 -3 1 0
44 34 1 0
-25 -1 0 1
9 -22 0 1
-42 20 1 0
51 29 1 0
29 17 0 1
30 34 1 0
5 -66 0 1
6 66 0 1
-30 50 0 1
27 -43 0 1
3 -76 1 0
-15 -55 0 1
8 -20 0 1
-21 66 0 1
7 14 0 1
-41 23 1 0
39 -1 1 0
4 92 0 1
-68 19 1 0
12 81 1 0
-7 32 1 0
-39 33 1 0
2 -55 1 0
-4 -12 1 0
47 -6 0 1
45 0 1 0
-34 -7 0 1
-19 -18 1 0
-83 3 0 1
4 43 0 1
30 63 0 1
1 7 0 1
-9 -17 0 1
-6 31 0 1
-18 -30 0 1
52 -9 0 1
-21 67 0 1
-1 17 0 1
0 48 1 0
22 67 1 0
-7 -67 1 0
27 70 1 0
84 -15 0 1
-10 18 0 1
11 -2 1 0
0 -7 0 1
-49 4 0 1
-5 21 1 0
-15 -55 0 1
61 -21 1 0
28 50 1 0
-61 -12 0 1
-35 -35 1 0
-1 -17 0 1
-7 -67 1 0
-30 16 1 0
-32 -33 0 1
-15 38 0 1
10 84 1 0
2 16 0 1
12 63 0 1
29 33 0 1
-21 57 0 1
-29 -39 1 0
21 71 1 0
4 93 0 1
-12 -66 1 0
-34 -6 0 1
-39 -50 1 0
-3 76 1 0
-30 -41 1 0
-83 3 0 1
21 84 1 0
38 -18 0 1
30 68 1 0
-22 -44 1 0
73 -14 1 0
-34 -6 0 1
15 66 1 0
15 33 1 0
-62 4 1 0
-16 67 1 0
6 -5 1 0
-82 3 0 1
44 0 1 0
-30 33 0 1
-55 -35 1 0
-36 47 0 1
3 15 1 0
-45 25 1 0
4 92 0 1
49 -11 1 0
-17 37 0 1
14 13 1 0
4 -51 1 0
-80 -28 0 1
-14 -15 1 0
2 -52 0 1
5 -35 1 0
-40 -54 0 1
26 -41 1 0
16 -38 0 1
26 32 1 0
-61 -12 0 1
39 -17 0 1
11 -1 1 0
48 45 1 0
-63 5 0 1
0 48 1 0
-59 -28 0 1
28 51 0 1
41 -15 1 0
-75 26 1 0
23 68 0 1
-41 -52 0 1
16 -39 0 1
-41 35 1 0
0 -59 0 1
48 -33 1 0
-19 -51 1 0
-48 2 0 1
-35 -9 1 0
-53 -21 1 0
-16 3 1 0
23 63 1 0
-19 -1 1 0
-11 -53 0 1
0 -27 0 1
28 31 0 1
0 8 1 0
83 -11 1 0
30 68 0 1
-58 -33 1 0
-1 -6 1 0
-64 30 1 0
8 14 0 1
-64 5 0 1
78 -1 0 1
-59 8 1 0
-23 56 0 1
47 30 1 0
-82 5 1 0
48 30 0 1
33 -43 0 1
-47 25 1 0
51 -10 0 1
26 26 1 0
-11 -69 1 0
-24 57 0 1
45 48 0 1
28 66 1 0
51 -9 0 1
38 -18 0 1
-48 -28 1 0
-39 -50 0 1
20 -67 0 1
-26 -60 1 0
-48 2 0 1
14 -52 0 1
10 -3 1 0
14 36 1 0
23 63 1 0
-47 7 1 0
15 0 1 0
-79 -1 0 1
-42 -17 1 0
-24 18 0 1
66 -16 0 1
15 -39 0 1
-44 -51 1 0
63 -38 1 0
31 -33 1 0
-73 -14 0 1
43 2 1 0
-54 -11 1 0
9 87 1 0
-73 -15 0 1
7 -73 1 0
-41 22 0 1
-11 20 0 1
46 33 1 0
-78 -25 1 0
2 86 1 0
-23 -21 0 1
46 -49 1 0
-10 -18 1 0
-8 58 1 0
-23 -45 0 1
75 -18 1 0
-83 3 0 1
-4 77 0 1
21 29 1 0
16 53 0 1
44 -47 1 0
44 0 1 0
64 -20 0 1
-8 -43 0 1
55 -45 1 0
26 -42 0 1
84 -15 0 1
1 -60 1 0
-63 29 1 0
-45 26 1 0
39 -17 1 0
51 -10 0 1
-40 36 1 0
78 -18 1 0
51 -27 1 0
-39 24 1 0
-11 -66 1 0
21 77 1 0
-22 57 1 0
-26 -43 0 1
-62 -27 0 1
-3 7 0 1
6 -68 1 0
-3 -31 1 0
58 -45 1 0
16 34 0 1
-1 17 0 1
32 -43 0 1
-9 -17 1 0
-9 61 1 0
-10 55 0 1
-23 58 1 0
-13 63 0 1
-1 81 0 1
21 9 1 0
-30 33 0 1
23 1 0 1
43 -1 1 0
10 -2 1 0
-32 -39 1 0
6 13 1 0
38 50 0 1
-15 38 0 1
9 15 1 0
-46 -18 0 1
0 -26 0 1
16 34 0 1
32 -8 1 0
44 -47 0 1
3 -7 1 0
80 -19 1 0
10 84 0 1
43 -18 0 1
5 67 0 1
-83 -30 0 1
57 5 0 1
31 -33 1 0
-22 -1 1 0
36 26 0 1
-21 66 0 1
78 -2 0 1
52 -47 1 0
-24 19 0 1
54 18 0 1
-60 8 1 0
46 -48 0 1
17 8 0 1
0 16 1 0
-25 23 0 1
-40 -54 0 1
-50 -21 1 0
17 36 1 0
-23 -45 1 0
-4 -28 0 1
-11 -69 1 0
-60 -17 0 1
7 -73 1 0
-80 -28 0 1
-12 -72 1 0
-17 0 0 1
-75 26 1 0
0 -41 1 0
-1 53 1 0
-4 -32 1 0
-3 8 0 1
9 9 1 0
22 58 1 0
0 3 1 0
0 73 0 1
0 84 0 1
0 84 0 1
-5 -51 1 0
38 -13 1 0
80 -16 1 0
-10 50 0 1
-23 -21 0 1
9 15 1 0
62 -23 1 0
30 68 0 1
-2 17 1 0
-39 33 0 1
41 39 1 0
10 14 0 1
55 -1 0 1
31 49 1 0
-36 -1 0 1
19 4 0 1
23 5 1 0
-31 -37 1 0
52 -4 1 0
26 -11 0 1
84 -1 0 1
-50 3 0 1
-5 19 1 0
30 -36 0 1
-72 -16 0 1
-18 -31 1 0
-30 -29 1 0
-17 58 1 0
-8 58 1 0
5 -34 1 0
-74 -15 0 1
-81 -29 0 1
7 -74 1 0
42 38 1 0
-27 -40 1 0
-22 17 1 0
7 -68 1 0
-40 25 1 0
-67 -8 0 1
-42 -16 0 1
42 49 1 0
54 16 1 0
-64 35 0 1
0 86 1 0
0 -59 0 1
-8 -71 0 1
-45 -19 0 1
15 66 1 0
-31 -62 0 1
17 7 0 1
75 13 1 0
47 -54 1 0
20 82 0 1
-20 -2 1 0
0 -27 0 1
-1 -6 0 1
71 -22 0 1
-33 47 1 0
-9 48 1 0
-48 2 0 1
-50 -21 1 0
20 58 0 1
-64 4 0 1
15 -33 0 1
-30 13 0 1
-4 -48 1 0
29 56 0 1
26 36 1 0
-8 -32 1 0
10 -71 1 0
-68 30 0 1
-13 -57 1 0
-7 -56 1 0
-15 -62 1 0
58 4 1 0
-14 55 0 1
18 -49 1 0
33 -27 0 1
21 -65 0 1
-33 -52 0 1
-13 -15 1 0
-25 9 0 1
6 77 1 0
-3 6 0 1
-57 7 1 0
26 -41 0 1
73 -15 0 1
35 -28 1 0
14 -52 0 1
71 -22 0 1
15 -38 1 0
-29 35 1 0
-37 -3 1 0
6 -67 1 0
-35 -2 0 1
0 49 0 1
75 -18 1 0
48 -11 1 0
-11 -52 1 0
0 -66 1 0
-26 14 1 0
22 69 0 1
-12 -50 0 1
10 14 1 0
-32 49 1 0
22 13 1 0
0 3 1 0
4 -50 0 1
20 -69 0 1
-78 -1 0 1
25 -43 1 0
-13 63 0 1
65 -19 0 1
29 -9 1 0
0 -61 1 0
-59 -27 0 1
20 9 0 1
-2 43 1 0
-26 -40 1 0
-44 -19 0 1
30 67 1 0
-34 49 1 0
0 -76 0 1
-18 -30 0 1
-75 25 1 0
46 48 0 1
11 28 0 1
35 -26 1 0
-12 61 0 1
54 -44 0 1
22 -60 1 0
-10 -77 1 0
-4 30 1 0
35 8 1 0
34 23 0 1
-8 -71 0 1
18 -68 0 1
40 42 1 0
-9 48 1 0
-22 -6 1 0
4 -7 1 0
20 8 0 1
-10 -33 1 0
22 76 1 0
-5 49 0 1
28 -36 0 1
4 91 1 0
5 43 0 1
-29 -56 0 1
-61 31 1 0
44 -48 1 0
-61 7 0 1
-37 28 1 0
15 15 1 0
-70 25 0 1
-6 38 1 0
37 -1 1 0
27 -68 1 0
75 -18 0 1
85 -1 0 1
6 67 0 1
-73 -15 0 1
-64 4 0 1
-57 31 1 0
-64 26 1 0
35 -28 0 1
61 10 1 0
33 23 1 0
7 -77 1 0
-17 60 1 0
-15 5 1 0
-20 66 0 1
-68 26 1 0
-25 0 1 0
-43 -54 1 0
24 25 1 0
-31 54 0 1
12 -24 0 1
0 48 1 0
-72 -16 0 1
55 -26 1 0
35 -29 1 0
47 -34 0 1
-5 17 1 0
-53 -12 1 0
47 -6 0 1
30 -1 1 0
46 0 0 1
-42 3 1 0
-9 49 0 1
52 -29 0 1
0 -27 0 1
-41 4 1 0
5 42 0 1
50 45 1 0
-14 4 1 0
44 -34 0 1
-43 -49 1 0
-68 30 0 1
-18 -5 1 0
-1 -78 1 0
-57 -29 1 0
69 -23 0 1
34 11 1 0
17 53 1 0
9 -22 0 1
7 -68 1 0
-3 -33 1 0
-27 -51 1 0
27 -65 1 0
-69 24 1 0
-17 -30 0 1
-23 59 0 1
25 25 1 0
62 -23 1 0
17 57 0 1
-43 -54 0 1
-1 75 1 0
14 -50 1 0
11 64 1 0
51 -4 1 0
-22 -1 1 0
-49 35 0 1
3 17 1 0
15 21 1 0
-30 50 0 1
32 -21 0 1
-26 27 0 1
30 67 1 0
-22 -40 1 0
62 9 0 1
78 -1 0 1
-31 -29 1 0
1 51 1 0
25 -6 1 0
-37 -58 0 1
4 -7 1 0
-41 35 1 0
-48 35 0 1
63 7 0 1
-47 4 0 1
73 11 1 0
58 4 1 0
-33 -59 1 0
85 -3 0 1
27 31 0 1
80 -20 1 0
0 -8 0 1
16 67 0 1
-32 -50 0 1
-51 5 0 1
82 -16 1 0
65 -18 1 0
47 -48 1 0
-64 25 0 1
10 2 0 1
-25 18 0 1
21 58 0 1
-6 49 1 0
3 -76 1 0
-41 -56 1 0
-17 61 0 1
-1 -56 1 0
48 -8 1 0
54 20 1 0
27 -67 1 0
35 -26 1 0
22 39 0 1
-10 -76 1 0
-79 4 1 0
-59 10 0 1
-24 -26 1 0
-62 -27 1 0
-48 -18 1 0
38 -18 1 0
54 18 0 1
-1 -82 1 0
-32 -1 0 1
-12 -66 1 0
1 10 1 0
6 66 0 1
19 83 0 1
21 39 0 1
19 57 1 0
-6 -72 1 0
-9 19 0 1
-56 30 0 1
-12 -61 1 0
-4 77 1 0
-59 -19 0 1
-4 1 1 0
10 64 1 0
-59 9 0 1
18 6 0 1
-7 21 1 0
33 45 0 1
0 73 1 0
-25 8 0 1
7 14 0 1
1 -24 0 1
-56 28 1 0
45 -47 1 0
-30 13 0 1
0 54 1 0
9 14 1 0
-4 1 1 0
-1 75 1 0
58 -44 1 0
46 -51 0 1
38 50 0 1
18 83 1 0
9 -21 1 0
-12 -49 0 1
-2 17 1 0
2 42 1 0
-4 48 1 0
-17 34 0 1
66 16 1 0
15 -33 0 1
-12 -41 0 1
31 29 1 0
-82 3 0 1
-67 -16 0 1
54 -1 0 1
17 73 1 0
-7 -43 0 1
31 50 1 0
84 -15 0 1
-58 -31 0 1
-33 -7 1 0
-1 43 0 1
12 -54 1 0
-70 24 0 1
-77 -24 1 0
-54 -11 1 0
0 -63 1 0
29 56 1 0
19 -50 0 1
-33 49 1 0
-8 -43 0 1
56 2 1 0
-1 75 0 1
54 -1 0 1
44 -12 0 1
27 69 0 1
3 94 0 1
10 -22 0 1
-28 33 0 1
-78 -2 0 1
22 77 0 1
22 29 1 0
-1 -34 1 0
20 9 0 1
-60 7 1 0
51 -3 1 0
-21 67 0 1
-30 -29 1 0
18 -50 0 1
-27 31 0 1
-24 -43 1 0
-10 22 1 0
-23 17 1 0
-76 19 0 1
40 -11 0 1
46 -48 1 0
-30 -41 1 0
55 11 0 1
-59 -18 0 1
38 10 1 0
10 -23 0 1
11 -5 1 0
-1 -37 1 0
-30 -42 1 0
19 -50 0 1
16 34 0 1
12 75 1 0
74 13 1 0
-41 22 0 1
12 75 1 0
16 67 1 0
56 5 1 0
4 -50 0 1
-20 66 0 1
-69 -18 1 0
30 -24 0 1
19 -53 0 1
77 -2 1 0
-13 -13 0 1
29 -34 0 1
-31 -32 1 0
-8 -66 0 1
1 -23 0 1
54 -26 0 1
-13 -51 1 0
-51 -33 0 1
-33 42 0 1
17 8 0 1
51 27 1 0
5 41 1 0
82 0 0 1
-18 -35 0 1
19 -69 1 0
22 64 1 0
48 -33 1 0
81 -11 1 0
-14 -63 0 1
-80 -28 0 1
-76 19 0 1
-31 50 0 1
-73 -23 1 0
14 22 1 0
-76 19 0 1
81 -11 1 0
4 80 0 1
-10 -17 1 0
0 -9 1 0
-67 18 1 0
-82 -25 1 0
-69 -18 1 0
-14 -17 1 0
-36 0 1 0
-74 -14 0 1
64 -17 1 0
-75 23 1 0
3 87 1 0
0 84 0 1
76 13 1 0
19 82 0 1
50 -31 1 0
-53 -16 0 1
19 83 0 1
81 -11 1 0
-1 -43 1 0
-17 60 1 0
19 82 0 1
-21 -23 0 1
17 -68 0 1
-16 -31 1 0
22 70 1 0
42 -37 1 0
0 -61 1 0
54 -43 0 1
4 -58 1 0
19 -52 0 1
67 19 1 0
0 8 1 0
-50 31 1 0
-58 -31 0 1
42 -16 1 0
26 -69 0 1
-30 14 0 1
32 -8 0 1
0 -77 1 0
-7 56 1 0
-19 0 1 0
-36 0 0 1
42 -36 0 1
11 24 0 1
78 8 1 0
-81 -28 0 1
83 0 1 0
-19 4 1 0
-13 -15 0 1
21 76 1 0
31 1 1 0
72 -21 1 0
-60 -12 0 1
16 -34 1 0
45 44 0 1
65 -21 0 1
65 -19 0 1
42 -18 1 0
-17 -18 1 0
-49 1 0 1
-26 26 0 1
-26 -42 1 0
-39 -48 1 0
68 18 1 0
-27 -39 0 1
30 35 1 0
13 22 1 0
-44 33 1 0
-10 18 0 1
16 -38 0 1
-30 -63 1 0
76 -18 1 0
-35 39 0 1
-75 -12 1 0
40 7 0 1
47 -6 0 1
-7 55 0 1
33 45 1 0
-29 -38 1 0
-23 -5 1 0
8 -20 0 1
4 39 1 0
2 -53 0 1
40 -46 0 1
10 -50 1 0
-13 63 0 1
-48 7 1 0
-10 18 0 1
9 11 1 0
-1 42 0 1
25 -11 1 0
-1 -80 1 0
15 -39 0 1
29 -60 1 0
15 15 1 0
-15 38 0 1
56 17 1 0
-69 23 1 0
1 86 0 1
33 44 1 0
-32 -59 0 1
-17 36 1 0
21 8 0 1
44 -12 1 0
43 -35 0 1
18 -30 1 0
-52 5 0 1
-49 3 0 1
-83 -29 0 1
-28 51 0 1
-23 -22 0 1
-8 -32 0 1
-4 -28 0 1
21 12 1 0
32 48 0 1
-39 27 1 0
-15 4 1 0
35 8 0 1
65 -16 0 1
84 -1 0 1
-31 14 0 1
-42 -15 0 1
48 -40 1 0
13 82 0 1
-23 56 1 0
51 -30 0 1
10 -22 0 1
-1 17 0 1
13 64 0 1
82 -4 1 0
11 28 0 1
18 -41 0 1
-67 -8 1 0
0 -79 1 0
56 8 1 0
-60 8 1 0
29 57 1 0
23 1 1 0
43 -17 1 0
5 -32 1 0
-76 22 1 0
29 -3 1 0
25 -42 1 0
43 -48 0 1
30 -34 0 1
-26 0 1 0
7 0 1 0
82 -10 1 0
8 -7 1 0
-7 30 0 1
-60 31 1 0
-49 4 0 1
21 -65 0 1
54 19 1 0
19 52 0 1
-4 50 1 0
-25 8 0 1
18 -50 0 1
39 -1 1 0
-44 23 1 0
-31 -27 1 0
29 -62 1 0
-56 28 1 0
14 84 1 0
-2 78 1 0
-48 -32 1 0
14 -52 0 1
-60 -12 0 1
-23 -4 1 0
26 -43 0 1
-77 -5 0 1
25 27 0 1
-69 -20 1 0
40 38 1 0
46 0 1 0
39 10 1 0
24 -12 1 0
20 57 1 0
-35 35 1 0
-7 21 0 1
-31 -54 1 0
-5 51 1 0
-57 -24 0 1
22 68 0 1
-70 25 0 1
3 -52 0 1
-44 -50 1 0
25 66 0 1
9 45 0 1
16 66 0 1
44 -13 0 1
-50 -30 1 0
21 -60 0 1
62 9 1 0
-43 4 0 1
83 -16 0 1
-62 -27 1 0
31 27 1 0
11 29 1 0
22 30 1 0
-47 3 1 0
19 80 1 0
36 8 1 0
29 -61 1 0
44 39 0 1
0 8 1 0
-19 -52 1 0
-1 75 1 0
-2 11 1 0
-72 -2 1 0
-44 -19 0 1
10 65 1 0
77 11 1 0
-2 84 0 1
-82 2 0 1
30 -27 0 1
27 70 0 1
-56 29 0 1
35 8 0 1
82 0 0 1
20 -54 1 0
33 2 0 1
33 -9 1 0
29 -35 0 1
15 12 1 0
-7 -74 0 1
-68 30 0 1
63 -39 1 0
-9 53 1 0
-7 -33 1 0
35 -28 1 0
-21 -40 1 0
-24 -21 1 0
-29 13 0 1
78 8 1 0
-13 62 1 0
-1 -79 1 0
-67 18 1 0
71 -22 0 1
-17 61 1 0
-67 -16 0 1
0 -77 1 0
-56 -15 1 0
51 0 1 0
28 51 1 0
-39 24 1 0
-1 -76 0 1
-51 -31 1 0
-4 41 0 1
-30 17 1 0
-59 11 0 1
53 25 0 1
21 71 1 0
0 -10 1 0
52 -28 0 1
20 8 0 1
15 -34 0 1
-10 19 0 1
10 3 0 1
15 35 1 0
-60 -25 1 0
10 -21 1 0
13 64 0 1
27 31 0 1
21 31 1 0
-15 -4 1 0
5 42 0 1
-35 -2 0 1
46 33 1 0
-16 1 0 1
29 -22 0 1
-17 0 0 1
-41 -53 0 1
-75 -10 1 0
48 32 1 0
-7 30 0 1
-60 -12 0 1
1 34 0 1
-44 -50 1 0
6 42 1 0
-14 -20 1 0
47 31 1 0
-76 -9 1 0
3 -64 1 0
-41 -53 0 1
57 -45 0 1
26 -69 0 1
-15 -60 1 0
14 13 1 0
0 -76 0 1
2 -55 0 1
12 -23 1 0
30 -20 1 0
10 84 1 0
47 -55 0 1
63 7 0 1
24 -10 1 0
55 -26 0 1
-76 -7 0 1
18 -41 0 1
-57 29 1 0
-51 -36 1 0
-30 -63 1 0
-7 33 0 1
-24 -26 1 0
-34 -34 1 0
-17 0 0 1
-75 18 1 0
-56 31 0 1
2 -9 0 1
-11 -17 1 0
6 43 1 0
-36 0 0 1
29 -22 0 1
29 -34 0 1
19 -52 1 0
-2 77 1 0
-19 -51 1 0
28 -9 1 0
-17 34 1 0
42 -15 1 0
-15 -48 0 1
12 30 1 0
65 -22 0 1
-60 -12 1 0
24 -70 1 0
30 35 1 0
72 -16 1 0
-62 -27 0 1
43 4 1 0
-68 22 1 0
-32 -60 0 1
-28 23 1 0
31 57 1 0
-75 -6 1 0
10 -23 0 1
-17 0 0 1
65 -18 0 1
65 -15 0 1
-11 62 0 1
1 52 0 1
-1 -17 0 1
-12 -62 0 1
18 5 0 1
-73 -22 1 0
28 -60 0 1
-42 5 1 0
38 -16 1 0
-61 -28 1 0
37 0 1 0
-35 38 1 0
-1 -9 1 0
49 -34 0 1
-4 1 1 0
2 -55 1 0
43 -14 1 0
-25 24 0 1
-67 31 1 0
-15 -21 1 0
-52 -18 1 0
-54 -35 0 1
13 64 0 1
-23 -27 1 0
65 -18 0 1
-17 61 0 1
21 -64 0 1
16 71 1 0
50 -40 0 1
23 26 1 0
0 87 0 1
-22 -39 0 1
44 -34 0 1
39 -17 0 1
23 5 1 0
5 -75 1 0
28 -39 0 1
-67 29 0 1
-7 55 0 1
-62 13 1 0
-52 -32 1 0
30 -22 0 1
-14 6 1 0
39 38 1 0
51 -10 0 1
9 77 0 1
55 22 1 0
-76 17 1 0
-12 -41 0 1
-43 30 1 0
18 -69 0 1
2 -9 0 1
-74 27 1 0
-31 -37 0 1
-27 31 0 1
-4 30 1 0
10 2 0 1
-82 2 0 1
-2 6 0 1
8 -8 1 0
-59 -27 0 1
-59 13 0 1
19 52 0 1
-13 -20 1 0
81 -11 1 0
-6 -75 1 0
-83 3 0 1
40 -11 0 1
-51 -20 1 0
24 4 0 1
33 -27 0 1
48 44 1 0
-26 -23 0 1
0 85 0 1
-5 -32 1 0
5 40 1 0
3 -33 1 0
-60 -17 0 1
-39 33 0 1
62 -41 0 1
-58 9 0 1
-21 -23 0 1
22 78 0 1
2 16 0 1
36 9 1 0
36 -27 1 0
47 29 1 0
2 -54 1 0
-21 57 0 1
21 69 0 1
8 -5 1 0
-32 -51 1 0
35 26 0 1
9 -4 1 0
9 -4 1 0
-1 -77 0 1
-4 1 1 0
-26 -51 0 1
50 -33 1 0
77 11 1 0
-9 -71 1 0
76 11 1 0
83 -15 0 1
10 -72 1 0
8 -3 1 0
-26 27 0 1
23 -8 1 0
30 -21 0 1
-27 -63 0 1
18 -52 0 1
11 -55 1 0
-75 25 1 0
-31 -51 1 0
48 29 1 0
-53 -22 1 0
39 -10 1 0
41 6 0 1
-27 0 1 0
78 -2 0 1
-24 9 1 0
-4 -27 0 1
26 65 1 0
-36 48 1 0
-23 -39 1 0
82 0 0 1
-2 -38 0 1
20 8 0 1
-47 -30 1 0
-3 -15 0 1
-15 -57 1 0
4 39 1 0
-4 -12 1 0
-12 -52 1 0
-23 -21 0 1
-4 -28 0 1
-26 28 0 1
-46 8 1 0
-20 -24 0 1
26 32 1 0
0 -42 1 0
-25 24 0 1
-35 36 1 0
48 -6 0 1
63 11 0 1
44 -13 0 1
0 -40 0 1
20 31 0 1
41 5 0 1
21 13 1 0
39 10 1 0
20 30 1 0
28 17 1 0
-4 41 1 0
-26 14 0 1
-13 -50 1 0
30 46 1 0
7 -76 1 0
19 -53 0 1
-11 -52 0 1
-28 -54 1 0
3 93 1 0
15 -34 0 1
-5 19 1 0
-64 35 0 1
52 -47 0 1
-6 38 1 0
-59 -16 1 0
4 -73 1 0
-11 61 0 1
9 77 0 1
-30 -26 1 0
-48 7 0 1
-31 -61 0 1
-24 -21 1 0
-8 -73 0 1
-29 13 0 1
54 18 0 1
30 -24 0 1
14 -52 0 1
28 57 1 0
86 0 0 1
-25 -25 1 0
-32 -58 0 1
41 5 0 1
0 -64 1 0
54 -1 0 1
-31 -62 0 1
4 92 0 1
31 66 0 1
-2 42 1 0
27 -36 1 0
19 4 0 1
-59 11 0 1
-47 25 1 0
7 -22 1 0
-58 29 1 0
12 68 1 0
-21 67 0 1
43 -12 1 0
2 -10 0 1
-9 18 0 1
30 66 0 1
-29 35 1 0
-38 25 1 0
-49 33 0 1
50 -40 1 0
0 -79 1 0
-11 -60 1 0
-42 -17 0 1
12 14 1 0
-64 35 0 1
76 14 0 1
22 77 0 1
32 -23 1 0
2 88 0 1
0 -74 1 0
-25 -60 1 0
71 -22 0 1
17 53 0 1
-15 4 1 0
-7 30 0 1
-21 67 0 1
10 -6 1 0
30 55 1 0
65 -17 0 1
-14 59 0 1
69 18 0 1
-7 -32 1 0
-48 9 1 0
-65 34 0 1
-1 49 0 1
-50 -20 1 0
-59 10 0 1
2 -77 1 0
32 21 1 0
2 17 1 0
7 -70 1 0
24 4 0 1
-16 -20 1 0
-29 52 1 0
-30 14 0 1
-77 -21 1 0
-25 -25 1 0
-33 -52 0 1
-32 -33 0 1
-62 -11 1 0
-6 38 1 0
16 53 1 0
5 -35 1 0
19 30 0 1
-17 34 0 1
2 88 0 1
-53 -12 1 0
78 9 1 0
33 -43 1 0
55 -1 0 1
-58 -29 1 0
48 45 1 0
-15 -49 0 1
42 39 0 1
21 74 0 1
68 18 1 0
29 -34 0 1
28 -38 1 0
-44 -19 0 1
76 13 0 1
-1 3 1 0
45 48 0 1
-7 -41 1 0
-1 85 0 1
29 17 0 1
40 42 1 0
-3 45 1 0
-7 -43 0 1
-79 -1 0 1
-28 32 0 1
2 50 0 1
3 86 1 0
2 -62 1 0
62 -41 1 0
41 5 0 1
54 -1 0 1
19 51 0 1
80 -17 1 0
-55 -32 1 0
-2 7 0 1
51 -29 0 1
-56 30 0 1
3 94 1 0
31 31 1 0
18 -68 0 1
85 -3 0 1
16 21 1 0
63 8 1 0
-1 83 0 1
22 -66 0 1
30 -1 1 0
32 -23 1 0
-18 -5 1 0
-1 83 0 1
-36 -36 0 1
-1 9 1 0
-14 55 1 0
8 -6 0 1
-12 55 0 1
-15 5 1 0
79 7 0 1
0 -40 1 0
0 -76 1 0
35 4 1 0
-77 -5 0 1
60 -41 1 0
-11 -69 1 0
0 85 1 0
24 4 0 1
-30 -30 1 0
-59 11 0 1
56 -45 1 0
15 53 1 0
9 9 0 1
43 -18 0 1
4 34 0 1
-21 -23 0 1
11 2 0 1
7 -22 1 0
7 -75 0 1
17 54 1 0
40 -12 1 0
-30 -40 1 0
-7 -75 1 0
16 34 0 1
29 34 1 0
-59 -19 0 1
-1 4 1 0
-28 17 1 0
19 36 1 0
57 -45 0 1
-56 31 0 1
7 -3 0 1
-26 30 0 1
-41 -15 1 0
30 46 1 0
-1 -81 0 1
-73 -14 0 1
63 -39 0 1
11 16 1 0
26 -10 1 0
30 -22 0 1
-10 18 0 1
19 -69 1 0
9 -6 0 1
19 30 1 0
-26 28 0 1
-11 -52 1 0
-65 33 0 1
-7 -66 0 1
32 59 1 0
26 -69 0 1
-32 -37 1 0
16 -37 0 1
29 19 1 0
22 59 0 1
-4 41 0 1
32 48 0 1
-26 30 0 1
-75 25 1 0
-15 38 1 0
19 82 0 1
19 37 1 0
-18 -56 1 0
36 11 1 0
-7 30 0 1
-41 -53 0 1
-51 -35 1 0
13 -5 1 0
36 4 1 0
-16 38 1 0
-78 -2 0 1
13 -54 1 0
-1 84 0 1
-72 -16 0 1
74 -15 1 0
-80 1 0 1
-59 -27 0 1
51 -1 1 0
20 82 0 1
8 -19 1 0
27 -4 1 0
-15 55 0 1
44 32 1 0
-23 56 0 1
7 0 1 0
-10 50 0 1
-14 12 1 0
18 40 0 1
4 -50 0 1
-14 -62 1 0
60 -41 1 0
21 77 1 0
0 -36 0 1
15 66 1 0
1 86 0 1
-70 22 1 0
28 -64 1 0
0 -59 0 1
-38 23 1 0
-65 34 0 1
-22 -21 1 0
8 77 1 0
2 -51 1 0
-51 4 0 1
-9 -71 1 0
5 67 0 1
-74 -15 0 1
-75 20 0 1
43 39 0 1
30 -27 0 1
-55 -35 1 0
6 78 0 1
65 -19 0 1
11 25 1 0
22 58 0 1
-81 0 0 1
-44 -20 0 1
-70 25 0 1
3 34 0 1
-56 -31 1 0
13 -7 1 0
40 6 0 1
35 6 0 1
30 -23 0 1
-59 -18 1 0
-28 51 0 1
-1 83 0 1
29 -3 1 0
-57 -23 1 0
32 -8 1 0
82 -17 1 0
41 -15 1 0
62 7 0 1
-7 -74 0 1
47 -6 0 1
20 8 0 1
-19 -5 1 0
-1 77 1 0
24 -9 1 0
48 -53 1 0
30 -24 0 1
-81 -28 0 1
-67 -8 0 1
-45 25 1 0
-26 -51 1 0
75 -18 0 1
-32 -59 0 1
-85 -30 1 0
23 13 1 0
-24 19 0 1
19 31 1 0
9 87 1 0
1 51 0 1
41 6 0 1
-6 39 1 0
27 -36 1 0
54 19 0 1
-36 47 1 0
81 -18 0 1
-60 -12 0 1
-67 29 0 1
32 -43 0 1
18 -30 1 0
85 -4 1 0
48 -11 1 0
-49 -36 0 1
44 32 1 0
29 59 0 1
-32 -32 1 0
79 0 1 0
31 31 1 0
-62 13 1 0
48 -6 0 1
-60 -18 0 1
28 -38 1 0
16 75 0 1
-30 50 0 1
-6 -33 1 0
-42 -54 1 0
73 -15 0 1
-49 -36 0 1
3 94 0 1
-39 33 0 1
2 -9 0 1
-53 -15 1 0
-28 -38 1 0
30 31 1 0
6 92 0 1
84 -1 0 1
20 9 0 1
-7 32 1 0
18 40 0 1
-3 17 1 0
-21 -23 0 1
-47 8 1 0
-26 -51 0 1
7 -9 1 0
12 -6 1 0
3 34 0 1
60 -37 1 0
22 68 1 0
40 -13 1 0
-32 40 0 1
84 -15 0 1
54 17 0 1
9 2 0 1
-15 3 1 0
-23 17 1 0
-78 -2 0 1
-7 -69 1 0
12 -54 1 0
-16 -47 1 0
-81 1 0 1
-9 -76 1 0
7 14 0 1
22 13 1 0
-17 1 0 1
-52 -34 1 0
-9 53 1 0
3 41 1 0
41 -15 1 0
13 30 0 1
-24 23 0 1
-58 -29 1 0
-2 42 1 0
31 46 0 1
18 55 1 0
2 88 1 0
19 53 1 0
-21 64 1 0
81 -17 0 1
-31 54 0 1
32 2 0 1
-12 10 1 0
-22 -1 0 1
62 -24 0 1
32 -7 1 0
-31 -39 0 1
47 -34 1 0
48 -33 1 0
-67 -16 0 1
15 -34 0 1
39 5 1 0
28 -11 1 0
-26 -21 0 1
-4 30 1 0
69 18 0 1
32 22 1 0
-7 -68 0 1
21 -64 1 0
53 30 1 0
41 39 0 1
52 -9 1 0
0 -40 1 0
-17 -49 0 1
7 -77 1 0
9 86 1 0
47 -55 1 0
-26 -61 1 0
-60 -18 0 1
-4 -28 0 1
1 -77 1 0
-6 -42 1 0
-29 -28 1 0
-42 20 1 0
-77 -21 1 0
65 -19 0 1
-32 39 1 0
-8 -72 0 1
25 -70 1 0
-20 66 0 1
-17 -16 1 0
35 23 1 0
-81 -26 1 0
-74 -14 0 1
1 50 1 0
47 -6 0 1
1 7 0 1
10 -22 1 0
-15 -48 0 1
4 34 0 1
-16 57 1 0
7 79 0 1
51 -41 0 1
-64 4 0 1
-28 52 0 1
-74 -3 1 0
6 13 1 0
13 83 1 0
38 -11 1 0
53 26 0 1
-8 -71 0 1
-23 -1 1 0
15 66 0 1
-37 -58 0 1
32 47 1 0
-21 57 0 1
1 7 0 1
13 -52 1 0
-67 30 1 0
-22 -1 0 1
-6 31 0 1
8 -72 1 0
42 49 0 1
-3 54 1 0
-62 -28 0 1
-22 -22 0 1
4 80 0 1
-40 35 1 0
42 4 1 0
62 9 1 0
10 65 0 1
-43 22 1 0
82 -5 0 1
-16 -50 1 0
-57 -23 0 1
-18 -18 1 0
25 64 1 0
54 -44 0 1
-47 3 0 1
-11 23 1 0
69 19 0 1
-23 -5 1 0
-73 -2 1 0
-42 -16 0 1
-34 -6 0 1
14 -52 0 1
-22 -1 0 1
9 44 1 0
-80 5 1 0
40 -10 1 0
-24 -21 0 1
-3 0 1 0
-10 -65 1 0
-32 -33 0 1
-30 -59 0 1
38 -18 0 1
-3 -13 0 1
63 9 1 0
25 -69 1 0
7 -76 1 0
53 27 0 1
-5 -16 0 1
-17 -4 1 0
-54 -37 0 1
-1 18 0 1
0 81 1 0
-7 21 0 1
32 2 0 1
11 26 0 1
34 12 0 1
41 -18 1 0
19 5 0 1
-35 -6 1 0
51 -29 0 1
-28 52 0 1
38 50 1 0
-83 -30 1 0
-31 -39 0 1
-12 -16 0 1
0 -10 1 0
19 36 0 1
-13 -15 0 1
-10 -44 1 0
-75 26 0 1
29 23 1 0
-42 4 1 0
-1 -43 1 0
16 53 1 0
45 44 0 1
-40 -54 0 1
-26 0 0 1
-15 -55 0 1
-59 -17 1 0
23 1 1 0
-34 -2 1 0
-23 -2 1 0
21 -61 0 1
-83 -29 0 1
56 -44 1 0
-51 -18 1 0
-26 27 0 1
-18 -30 0 1
-31 -29 1 0
-47 -30 1 0
-68 -20 1 0
14 37 1 0
-57 28 1 0
78 -2 0 1
-59 -29 1 0
24 31 1 0
-22 -45 1 0
53 25 0 1
-30 -29 1 0
20 33 0 1
-61 -18 0 1
-1 -6 0 1
-7 -74 0 1
-84 -27 0 1
13 82 0 1
-9 -74 1 0
-60 9 0 1
14 -5 1 0
55 2 1 0
-7 56 1 0
21 5 0 1
35 23 0 1
-78 -23 1 0
-16 4 1 0
-18 60 1 0
21 8 0 1
-9 50 1 0
-25 8 0 1
-35 35 0 1
45 48 0 1
-77 -28 1 0
-7 -18 1 0
31 66 0 1
-12 13 0 1
-64 5 0 1
56 17 1 0
-23 -21 0 1
14 -51 1 0
7 -75 1 0
-25 0 1 0
-47 4 1 0
76 -18 1 0
-3 -16 1 0
10 84 1 0
53 25 0 1
11 64 0 1
20 58 0 1
-13 -13 0 1
75 -19 1 0
62 -24 0 1
0 -42 1 0
65 -18 0 1
-67 18 1 0
-82 -28 0 1
0 -61 0 1
30 -24 0 1
7 13 1 0
42 -36 0 1
45 32 0 1
74 13 0 1
75 -18 0 1
-75 23 1 0
-1 18 0 1
65 -14 1 0
29 25 1 0
-1 18 0 1
1 52 0 1
-12 -50 0 1
-30 50 0 1
47 -54 0 1
28 -64 0 1
-4 -28 0 1
31 61 0 1
-4 -48 1 0
-64 25 0 1
-25 0 1 0
-10 55 0 1
-6 -51 1 0
-29 0 1 0
73 10 1 0
-2 83 0 1
26 32 1 0
18 -69 1 0
13 64 0 1
20 -65 1 0
7 79 0 1
7 14 0 1
-1 75 0 1
-37 -57 1 0
27 -45 1 0
22 68 1 0
-33 -59 0 1
41 6 0 1
73 -15 0 1
-12 63 0 1
-42 22 1 0
19 83 0 1
-83 3 0 1
9 -5 0 1
2 16 0 1
28 58 1 0
-25 25 0 1
-78 -2 0 1
48 -51 0 1
2 43 1 0
55 -1 0 1
-31 14 1 0
34 12 0 1
3 34 0 1
23 67 0 1
-4 55 1 0
0 3 1 0
-75 -10 1 0
-49 2 0 1
-28 52 0 1
27 66 1 0
55 22 1 0
-42 24 1 0
13 -7 1 0
-8 -70 0 1
-1 42 0 1
-13 -55 1 0
-52 5 0 1
-43 -51 0 1
-6 40 1 0
-65 -10 1 0
-28 14 0 1
-51 32 1 0
32 48 0 1
-17 60 0 1
4 92 1 0
-24 -43 0 1
-8 -66 0 1
-5 -30 0 1
1 -74 0 1
0 89 1 0
-32 40 0 1
40 42 1 0
-17 -49 0 1
5 43 0 1
0 -56 0 1
-12 13 0 1
-31 -39 1 0
29 55 0 1
15 -38 1 0
5 -74 0 1
-52 6 1 0
22 77 1 0
32 59 1 0
-12 -62 0 1
27 -5 0 1
32 -42 1 0
74 12 1 0
7 0 1 0
-5 75 1 0
-81 1 0 1
-56 27 1 0
-10 55 1 0
10 -24 0 1
20 9 0 1
-18 -51 1 0
12 29 1 0
-21 57 0 1
3 -33 1 0
27 -11 0 1
57 6 1 0
-80 0 0 1
0 53 1 0
6 -75 1 0
50 -29 1 0
23 13 1 0
-70 24 0 1
47 -55 0 1
21 13 1 0
30 48 1 0
-21 67 0 1
-17 36 0 1
-59 -27 0 1
-55 -34 1 0
-31 -33 1 0
-43 34 1 0
38 -19 0 1
16 34 0 1
-11 -41 1 0
13 -5 1 0
24 67 0 1
82 -10 1 0
5 42 0 1
25 -71 1 0
-21 4 0 1
-60 -20 0 1
73 13 1 0
-4 2 1 0
0 -8 0 1
31 -11 1 0
2 -57 1 0
47 -54 0 1
-27 -61 0 1
-42 -15 0 1
-21 67 0 1
-56 29 0 1
39 50 1 0
-59 11 0 1
0 -80 1 0
28 61 0 1
-45 23 1 0
4 -75 1 0
2 40 0 1
-26 14 0 1
-78 -5 0 1
-56 30 0 1
-7 -43 0 1
-70 22 1 0
9 87 1 0
-35 -35 1 0
-17 36 0 1
-26 16 1 0
-23 -4 1 0
-7 -43 0 1
-4 31 1 0
-42 -18 1 0
49 -34 0 1
-11 23 1 0
32 2 0 1
81 -17 0 1
51 28 1 0
-42 -16 0 1
-14 55 1 0
-9 -55 1 0
18 37 0 1
62 7 0 1
43 -48 0 1
-62 29 1 0
-36 48 0 1
-15 12 1 0
-1 76 0 1
-21 67 0 1
-56 30 0 1
-62 -9 1 0
-2 8 0 1
-19 4 1 0
0 -7 0 1
8 91 1 0
63 7 0 1
52 -47 0 1
-22 66 1 0
55 -44 1 0
-13 -16 0 1
-30 -38 1 0
82 0 0 1
-12 12 1 0
68 20 1 0
0 53 1 0
-51 -30 1 0
-73 -22 1 0
15 -34 0 1
-23 -22 0 1
5 43 0 1
-84 -27 0 1
11 26 0 1
17 7 0 1
-79 -27 1 0
19 -70 1 0
15 -39 0 1
-17 -16 0 1
-1 83 0 1
-42 22 0 1
10 30 1 0
-43 -18 0 1
11 2 1 0
9 -4 0 1
30 54 0 1
20 39 0 1
13 17 1 0
-21 57 0 1
-32 -2 1 0
-23 -21 0 1
-16 -49 0 1
-1 -17 0 1
56 2 1 0
3 -24 1 0
-14 55 0 1
-34 -57 1 0
26 -11 0 1
42 39 0 1
13 29 1 0
-13 -15 0 1
10 -24 0 1
55 18 0 1
6 -1 1 0
78 -2 0 1
26 -40 1 0
-28 -54 1 0
1 4 1 0
20 77 1 0
-17 -52 1 0
-27 30 0 1
-64 28 1 0
-56 -14 0 1
-42 -15 0 1
84 -13 1 0
36 -27 1 0
-72 -15 0 1
-60 -13 1 0
-6 -41 1 0
-3 2 1 0
-11 -65 0 1
54 18 0 1
-22 66 1 0
-32 -50 1 0
-53 -16 1 0
-72 -9 1 0
-63 -10 1 0
16 70 0 1
53 -43 0 1
28 31 0 1
27 -11 0 1
45 -11 0 1
-51 -35 1 0
-73 -15 0 1
12 62 1 0
73 -15 0 1
-44 6 1 0
-55 -13 1 0
12 63 1 0
-11 20 0 1
-59 -12 1 0
10 -4 1 0
-81 -29 0 1
39 -1 1 0
-2 -16 1 0
-22 58 1 0
27 -68 1 0
16 33 1 0
-67 29 0 1
-11 -60 1 0
49 -31 1 0
52 -8 0 1
11 26 0 1
27 -42 1 0
9 -22 1 0
-2 8 0 1
-30 34 0 1
26 -11 0 1
-54 -35 0 1
-27 -63 0 1
49 -34 0 1
78 -1 0 1
-61 30 1 0
-31 -37 0 1
69 19 0 1
7 -75 1 0
79 -19 1 0
51 27 0 1
16 69 1 0
75 -18 0 1
9 44 1 0
0 53 1 0
31 32 1 0
-32 41 0 1
-63 3 1 0
-13 62 0 1
-68 30 0 1
-32 -33 0 1
49 44 1 0
21 30 0 1
29 24 1 0
-80 1 0 1
0 -66 1 0
2 -9 1 0
-31 50 0 1
37 6 1 0
-59 12 0 1
-77 -25 1 0
-58 29 1 0
-51 -35 1 0
3 86 1 0
9 13 1 0
57 6 1 0
41 4 1 0
11 64 1 0
4 -54 1 0
45 49 1 0
0 -40 1 0
53 25 0 1
-45 -18 0 1
-5 -33 1 0
-49 2 0 1
32 -24 1 0
-15 -62 1 0
46 -51 0 1
23 -43 1 0
52 -3 1 0
36 26 0 1
9 -5 0 1
6 -35 1 0
-53 -35 1 0
-41 -18 1 0
-43 -54 0 1
-30 33 0 1
-39 -55 0 1
3 40 0 1
44 46 0 1
30 -2 1 0
25 4 1 0
-11 -64 0 1
-63 4 0 1
-68 20 0 1
41 38 0 1
31 66 0 1
22 -60 0 1
-82 -28 0 1
-36 -35 1 0
-53 -17 1 0
-22 -28 1 0
-18 -5 1 0
21 39 0 1
9 -5 0 1
-43 -54 0 1
-41 21 0 1
11 24 0 1
-19 -49 1 0
23 12 1 0
-3 77 1 0
-10 19 0 1
-25 9 0 1
-27 -39 0 1
16 -69 1 0
73 13 1 0
-78 -3 0 1
80 -20 1 0
8 -72 0 1
19 5 0 1
54 -43 0 1
11 84 1 0
1 34 0 1
-76 24 1 0
-12 14 0 1
-39 33 0 1
-9 -28 1 0
-12 -48 1 0
-46 -18 1 0
46 30 1 0
-73 0 1 0
13 -6 1 0
-51 -21 1 0
28 54 0 1
-7 -54 0 1
-4 50 1 0
1 44 1 0
81 -4 1 0
20 39 0 1
-25 -61 0 1
51 28 1 0
65 -19 0 1
-32 -50 1 0
-31 50 0 1
-25 26 0 1
-26 -40 0 1
-84 -27 0 1
16 -37 0 1
-35 -36 0 1
14 18 0 1
12 -54 1 0
-16 -22 1 0
-11 62 0 1
33 -27 0 1
-61 12 1 0
33 28 0 1
77 13 1 0
44 -48 1 0
-13 -13 1 0
-49 35 0 1
73 12 1 0
10 -23 0 1
-74 -22 1 0
-7 -41 1 0
-6 -31 1 0
40 -11 0 1
-3 53 1 0
84 0 0 1
-80 -28 0 1
32 46 1 0
12 29 1 0
25 -70 1 0
61 1 0 1
5 43 0 1
-32 34 1 0
65 -16 0 1
-5 37 1 0
-75 25 1 0
-44 -19 0 1
-30 14 0 1
-17 36 0 1
-2 45 1 0
11 -1 1 0
23 -70 1 0
-26 25 0 1
5 42 0 1
-36 0 0 1
43 5 1 0
33 -21 1 0
-5 -30 0 1
-32 -50 0 1
-38 26 1 0
-32 -58 0 1
-1 83 0 1
-64 5 0 1
-51 -34 1 0
47 -52 1 0
-44 33 0 1
-3 7 0 1
2 90 0 1
0 -76 0 1
49 -55 1 0
16 -38 0 1
-29 0 1 0
14 21 1 0
12 -7 1 0
0 5 1 0
17 57 0 1
30 -22 0 1
0 -78 1 0
0 -76 0 1
-49 -37 1 0
30 33 1 0
-45 -20 1 0
65 -23 1 0
54 -44 0 1
-24 -25 1 0
31 65 0 1
42 39 0 1
-6 50 1 0
30 35 1 0
-51 -21 1 0
2 5 1 0
0 73 1 0
-11 -52 0 1
41 39 0 1
-59 -27 0 1
-13 -15 0 1
52 18 1 0
10 15 1 0
21 -65 0 1
57 -45 1 0
-24 19 0 1
44 -13 1 0
42 49 1 0
-32 -38 1 0
-74 -14 0 1
-14 -22 1 0
18 38 0 1
20 77 1 0
-42 -17 0 1
20 10 1 0
4 -50 0 1
1 41 1 0
-73 -15 0 1
-3 54 1 0
6 -73 1 0
27 30 0 1
29 59 0 1
10 -51 0 1
4 -6 1 0
-1 -80 1 0
30 24 1 0
13 64 0 1
-73 -23 0 1
-12 62 1 0
-15 55 0 1
-70 25 0 1
14 -33 1 0
51 -9 0 1
1 52 0 1
-77 -9 1 0
33 13 1 0
32 -8 0 1
35 -29 0 1
65 21 0 1
27 -5 0 1
-22 17 0 1
-29 13 0 1
85 0 0 1
7 -19 0 1
4 33 1 0
-54 -35 0 1
-74 20 1 0
-9 20 1 0
-70 25 0 1
8 -20 0 1
65 -22 0 1
21 30 1 0
-75 -2 1 0
22 59 1 0
-53 -12 1 0
38 -11 1 0
-11 62 0 1
-17 -53 1 0
-29 17 0 1
82 0 0 1
50 -35 1 0
-3 6 0 1
-3 11 1 0
-25 23 0 1
-18 -51 0 1
-17 58 0 1
36 24 1 0
52 -47 0 1
-11 55 0 1
6 44 0 1
4 -33 1 0
-36 -2 1 0
-48 34 0 1
5 -74 0 1
70 -23 0 1
33 -22 1 0
-49 30 1 0
-27 29 0 1
0 -76 0 1
-81 -28 0 1
-24 12 1 0
-1 -34 1 0
5 43 0 1
4 92 0 1
-18 4 1 0
-33 -59 0 1
-35 46 0 1
54 20 1 0
41 39 0 1
-75 18 1 0
-69 -18 0 1
20 -67 0 1
40 7 0 1
6 -77 1 0
61 -41 1 0
7 92 1 0
16 55 1 0
31 34 1 0
-53 -35 1 0
-64 30 1 0
-8 -73 0 1
-4 31 1 0
-24 -5 1 0
15 -40 1 0
-74 -2 1 0
-12 61 0 1
-8 -56 0 1
21 58 0 1
-59 12 0 1
30 33 0 1
42 48 1 0
-22 -46 0 1
-27 32 0 1
-26 -21 0 1
32 59 1 0
-27 -41 1 0
31 46 0 1
-12 50 1 0
-79 -1 0 1
63 11 1 0
-2 11 1 0
-16 -56 1 0
29 -35 0 1
5 -76 1 0
-6 -57 1 0
0 -64 1 0
0 8 1 0
22 77 0 1
69 19 0 1
14 23 1 0
-41 -15 0 1
48 45 1 0
51 -29 0 1
30 0 1 0
-17 34 1 0
16 34 0 1
47 0 1 0
-5 -37 1 0
29 -43 0 1
26 -69 0 1
-5 -52 0 1
10 12 1 0
-6 -52 0 1
0 -35 1 0
22 39 0 1
-34 -2 0 1
-30 -40 1 0
48 -6 1 0
-30 33 0 1
-8 17 1 0
27 -65 1 0
-50 -21 1 0
41 5 0 1
-59 -19 0 1
6 -79 1 0
11 24 0 1
32 48 0 1
41 -18 1 0
-10 -77 1 0
29 66 1 0
21 58 0 1
-30 -30 1 0
-20 -2 1 0
65 -16 0 1
81 -17 0 1
-14 55 1 0
4 -64 1 0
-9 -17 0 1
18 -52 0 1
27 -65 1 0
-42 -16 0 1
38 50 0 1
4 -70 1 0
-73 -15 0 1
-26 30 0 1
41 5 0 1
-6 54 1 0
49 -55 1 0
35 26 0 1
-24 19 0 1
1 -24 0 1
52 -3 0 1
29 -35 0 1
-23 56 1 0
35 7 0 1
-57 -25 0 1
42 49 0 1
-24 -5 1 0
-11 -66 1 0
-47 8 1 0
22 4 1 0
13 81 0 1
28 -60 1 0
-30 50 0 1
-64 35 0 1
27 -5 0 1
4 -50 0 1
-49 4 0 1
8 91 1 0
62 -42 1 0
19 -43 1 0
-17 34 0 1
-28 51 0 1
78 8 1 0
84 -15 0 1
-11 55 0 1
0 84 0 1
-42 -16 0 1
-81 2 0 1
-31 -26 1 0
-51 4 0 1
65 21 0 1
85 0 1 0
7 -73 1 0
20 31 0 1
22 65 0 1
-37 -36 0 1
54 -2 0 1
51 -28 1 0
21 10 1 0
-12 -48 1 0
-80 -28 0 1
-2 -78 0 1
-59 9 1 0
15 83 0 1
-73 22 1 0
21 3 1 0
-7 -43 0 1
-34 -6 0 1
41 -35 1 0
-23 22 1 0
23 6 1 0
-18 -29 1 0
-1 -81 0 1
62 9 0 1
0 -79 1 0
43 -13 1 0
-34 -7 0 1
12 67 0 1
1 74 1 0
8 -5 0 1
32 -11 1 0
57 6 1 0
55 15 1 0
65 -22 0 1
44 -12 0 1
60 1 1 0
-74 27 1 0
29 -63 1 0
17 75 1 0
13 30 0 1
16 11 1 0
-11 50 1 0
-62 -28 0 1
-59 -28 1 0
-72 -23 1 0
79 7 1 0
0 85 0 1
-81 2 0 1
29 59 0 1
51 -3 1 0
33 46 0 1
28 -38 1 0
43 39 0 1
6 12 1 0
-14 59 0 1
74 -14 1 0
55 1 1 0
1 -25 0 1
-12 13 0 1
35 5 1 0
-28 -65 0 1
66 20 1 0
-32 -58 0 1
-13 19 1 0
56 10 1 0
30 -26 0 1
0 49 1 0
15 -30 0 1
-51 -30 1 0
-49 -36 0 1
-48 34 0 1
-2 7 0 1
32 21 1 0
-35 46 0 1
-74 -15 0 1
0 -64 1 0
2 5 1 0
35 -28 0 1
76 11 1 0
-25 9 0 1
-53 -37 0 1
-38 25 1 0
52 -3 0 1
0 72 1 0
-27 -39 1 0
39 -10 0 1
-18 -34 0 1
10 -51 0 1
79 -19 1 0
-20 67 1 0
-16 -30 0 1
26 -11 0 1
-76 19 0 1
-19 -4 1 0
22 69 0 1
23 67 1 0
2 -25 1 0
0 -26 0 1
-17 0 0 1
-77 24 1 0
39 4 1 0
35 23 1 0
-31 -56 1 0
43 36 1 0
54 17 0 1
29 59 0 1
44 -11 1 0
42 -36 1 0
-18 -30 0 1
38 -13 1 0
-25 -23 0 1
29 57 1 0
-41 -15 1 0
-13 62 0 1
-67 30 0 1
28 -66 1 0
15 0 1 0
-7 32 1 0
-75 25 1 0
-9 -30 1 0
-55 -14 0 1
56 2 1 0
0 -8 0 1
71 -22 0 1
85 -3 0 1
15 -32 1 0
39 -11 0 1
-12 14 0 1
-18 -33 0 1
55 18 0 1
-1 17 0 1
-13 -61 1 0
-3 -31 1 0
-8 18 1 0
-1 17 0 1
-83 -29 0 1
-3 2 1 0
55 -26 1 0
74 13 0 1
-42 -17 0 1
50 30 0 1
47 -6 0 1
4 33 0 1
-4 51 1 0
27 -7 1 0
-21 67 0 1
-9 -69 1 0
26 -6 1 0
-2 8 0 1
25 25 1 0
69 18 0 1
-82 2 0 1
54 -5 0 1
2 6 1 0
27 -46 1 0
33 12 1 0
18 -52 0 1
-14 -15 1 0
-19 -32 1 0
-19 -26 1 0
16 70 0 1
0 -79 1 0
62 -24 1 0
-10 50 0 1
-8 -47 1 0
-10 20 1 0
-4 41 0 1
30 -27 0 1
9 13 0 1
-84 -27 0 1
-81 0 0 1
-21 -29 1 0
-32 -57 1 0
13 -7 1 0
0 -10 1 0
-40 35 1 0
19 4 0 1
-4 76 0 1
-60 10 1 0
-54 -36 0 1
75 13 1 0
2 -9 1 0
47 -55 0 1
-69 -19 1 0
6 92 0 1
-68 23 1 0
-12 10 1 0
30 -23 0 1
10 12 1 0
0 85 0 1
-44 -20 1 0
-52 5 0 1
25 -6 1 0
-35 -1 0 1
29 55 0 1
-26 29 0 1
28 -60 0 1
-1 -9 0 1
-19 -18 1 0
34 12 1 0
-30 -37 0 1
-12 63 0 1
36 26 0 1
79 -17 1 0
-1 17 0 1
10 81 0 1
-8 -56 0 1
-63 4 0 1
-16 -49 0 1
28 60 1 0
-30 -37 1 0
-41 22 0 1
31 32 1 0
25 -11 1 0
28 64 1 0
18 -68 0 1
54 -44 0 1
73 -19 1 0
14 -32 0 1
9 -53 1 0
30 -23 0 1
-44 -21 1 0
25 -67 0 1
14 0 1 0
-64 35 0 1
-82 -27 0 1
54 -44 0 1
14 -52 0 1
6 -72 1 0
-79 -5 1 0
55 25 0 1
-48 2 0 1
78 -2 0 1
55 -44 1 0
0 86 1 0
21 58 0 1
10 13 0 1
83 0 0 1
28 -42 0 1
67 20 1 0
-72 -22 1 0
-34 49 1 0
-76 -10 1 0
-3 -15 1 0
-42 -52 1 0
-1 77 1 0
47 -53 1 0
-18 -35 0 1
18 5 0 1
-75 -11 1 0
-18 -35 0 1
-80 -28 0 1
-65 28 1 0
51 -29 0 1
-80 -28 0 1
10 14 1 0
-31 14 0 1
-74 0 1 0
7 77 0 1
-75 24 1 0
-56 -14 0 1
18 67 0 1
50 -30 0 1
-60 -18 0 1
-59 11 0 1
32 1 1 0
22 28 1 0
78 8 1 0
-79 -29 1 0
-59 13 0 1
-3 0 1 0
26 26 0 1
-18 -51 0 1
16 81 1 0
-59 13 0 1
9 -2 1 0
-81 1 0 1
77 -2 1 0
-18 -35 0 1
54 10 1 0
-59 -29 1 0
34 12 0 1
-28 32 0 1
-31 11 1 0
45 44 1 0
-32 -58 0 1
-74 -13 0 1
-29 -53 1 0
6 -77 1 0
-35 -1 0 1
-10 20 1 0
21 39 0 1
61 2 0 1
7 77 1 0
-21 0 0 1
27 31 0 1
-1 42 1 0
-3 8 0 1
35 23 1 0
-61 -28 1 0
33 -43 0 1
-52 -32 1 0
-11 -62 1 0
27 -10 1 0
27 -10 0 1
59 4 1 0
21 -63 1 0
71 -22 0 1
-45 34 1 0
28 -65 1 0
-52 6 1 0
23 63 1 0
-16 -49 0 1
-57 -29 0 1
-2 -9 1 0
-25 -43 1 0
-9 -54 0 1
26 -68 0 1
-9 19 0 1
-25 18 0 1
28 -45 1 0
12 -71 0 1
-21 -28 1 0
-12 14 0 1
30 35 1 0
30 68 0 1
-3 51 1 0
-20 -30 1 0
-79 -1 0 1
14 -5 1 0
-44 28 1 0
22 77 0 1
-33 -60 1 0
80 -17 0 1
63 6 1 0
16 -69 1 0
-3 6 0 1
5 -5 1 0
-32 -33 0 1
-32 49 1 0
78 8 1 0
45 44 0 1
-76 20 1 0
8 -20 0 1
-7 -74 1 0
29 17 1 0
-3 0 1 0
-46 -22 1 0
20 31 0 1
8 2 1 0
55 9 0 1
-63 29 1 0
-79 -1 0 1
-21 -41 1 0
48 -29 1 0
6 -77 1 0
32 2 0 1
48 45 1 0
84 -15 0 1
4 80 0 1
-30 34 0 1
49 28 1 0
5 -75 1 0
27 -46 0 1
14 -34 0 1
-49 35 0 1
76 13 0 1
65 -18 0 1
-48 34 0 1
54 10 1 0
3 -55 0 1
-41 -53 0 1
23 64 1 0
54 10 1 0
44 -13 0 1
60 -38 0 1
-4 30 1 0
-32 -33 0 1
21 5 0 1
14 18 0 1
51 26 0 1
-43 6 0 1
-16 -30 0 1
-27 14 0 1
52 -3 0 1
55 18 0 1
0 -65 1 0
-25 -51 1 0
48 -40 1 0
32 48 0 1
-12 62 0 1
0 -7 1 0
85 0 0 1
-31 -62 0 1
57 -45 0 1
-5 30 1 0
2 -52 0 1
26 -41 0 1
47 -12 1 0
16 -37 0 1
-64 5 0 1
-42 -16 0 1
20 83 0 1
-17 61 0 1
7 -76 1 0
-2 -77 1 0
33 -43 0 1
32 2 0 1
15 -34 0 1
-53 -15 1 0
10 84 0 1
62 -24 0 1
44 -34 0 1
-45 6 1 0
-39 33 0 1
29 17 0 1
51 -50 0 1
-1 49 0 1
35 -29 0 1
-16 7 1 0
-9 -31 0 1
-9 -70 1 0
44 -47 1 0
-47 8 1 0
1 -25 0 1
7 -22 1 0
-44 -19 1 0
-75 -6 1 0
-35 46 0 1
-28 33 0 1
-79 -4 0 1
-48 -29 1 0
-41 22 0 1
-82 -29 0 1
15 -34 0 1
15 -33 0 1
-83 3 0 1
62 6 1 0
-61 14 1 0
-14 4 1 0
2 -24 0 1
26 -69 0 1
-48 35 0 1
35 23 0 1
-5 -51 1 0
-42 -54 0 1
76 13 0 1
11 24 0 1
-4 -28 0 1
39 -17 0 1
11 26 0 1
54 -1 0 1
-12 -40 1 0
-49 35 0 1
76 14 0 1
37 50 1 0
22 73 1 0
63 11 0 1
46 -53 1 0
47 -54 0 1
67 16 1 0
-79 -1 0 1
8 2 0 1
22 64 1 0
11 28 0 1
38 -13 1 0
-42 -18 0 1
46 -54 1 0
47 -34 0 1
4 -33 1 0
25 -41 1 0
0 -61 1 0
-14 -61 1 0
-41 35 1 0
-28 33 0 1
3 -33 1 0
-15 -21 1 0
-25 -1 0 1
30 -34 0 1
1 34 0 1
27 -11 0 1
-44 -51 1 0
-5 -29 0 1
3 34 0 1
-24 57 0 1
0 53 1 0
-35 -2 0 1
-31 -54 1 0
20 -66 0 1
26 72 0 1
-1 76 1 0
0 -26 0 1
11 -51 1 0
-22 5 1 0
6 78 0 1
-5 37 1 0
30 -33 1 0
-11 50 1 0
47 29 1 0
-3 -16 1 0
19 -49 0 1
14 -50 1 0
50 -40 0 1
-42 24 1 0
53 19 1 0
-3 0 1 0
-83 -29 0 1
7 92 1 0
-24 12 1 0
-1 53 1 0
21 -65 0 1
-9 18 0 1
46 -51 0 1
-4 76 1 0
53 -49 1 0
-28 -26 1 0
29 -22 0 1
-17 -16 0 1
0 -8 0 1
-58 -28 1 0
45 34 1 0
19 52 0 1
-26 28 0 1
-17 -4 1 0
-19 -17 1 0
-6 -43 1 0
-31 33 0 1
-75 26 1 0
-30 54 0 1
43 2 1 0
-2 83 0 1
49 -7 1 0
-15 -49 0 1
-38 26 1 0
-11 23 1 0
-75 26 0 1
-6 31 0 1
0 -25 0 1
20 53 0 1
-2 -78 1 0
12 76 1 0
-12 -41 0 1
-54 -35 0 1
83 -15 0 1
-35 -1 0 1
-17 58 1 0
-4 77 0 1
-58 -12 1 0
35 8 0 1
43 -35 1 0
-31 13 1 0
53 26 0 1
-59 -18 0 1
55 11 0 1
59 -43 1 0
42 -16 0 1
-44 30 1 0
30 -24 0 1
22 55 0 1
-13 -50 1 0
-11 55 1 0
21 -60 0 1
17 82 1 0
-51 -30 1 0
-20 -40 1 0
0 85 0 1
51 -1 1 0
55 1 1 0
-31 -55 0 1
-9 -17 1 0
-30 -1 1 0
19 52 1 0
-64 35 0 1
-74 19 0 1
32 28 1 0
-58 -15 1 0
-26 29 0 1
3 15 1 0
0 -63 1 0
-45 34 1 0
-3 -33 0 1
20 -53 0 1
-22 -22 0 1
-33 49 1 0
5 -66 0 1
-15 5 1 0
-26 0 0 1
9 11 1 0
33 4 1 0
10 -53 1 0
-1 83 0 1
-48 -29 1 0
-15 -60 1 0
-51 -30 1 0
30 46 1 0
1 -59 1 0
15 0 1 0
28 -39 0 1
0 52 0 1
29 24 1 0
12 -6 1 0
61 2 0 1
65 11 1 0
-20 -4 1 0
-23 -21 0 1
-1 -9 0 1
-10 50 1 0
-16 -30 0 1
34 12 0 1
-32 -53 0 1
-19 -26 0 1
85 -3 0 1
-28 -38 1 0
-32 -27 1 0
-75 -11 1 0
-16 3 1 0
-8 -43 0 1
-4 30 1 0
-81 1 0 1
27 30 0 1
45 -46 0 1
-12 61 0 1
-31 50 0 1
-32 40 1 0
66 -15 1 0
-59 -27 0 1
28 -45 1 0
28 51 0 1
1 -55 1 0
3 7 1 0
-29 35 1 0
-80 0 0 1
-74 -23 0 1
50 -30 0 1
-36 0 0 1
-6 36 1 0
57 -44 1 0
45 48 0 1
17 8 0 1
5 -66 0 1
11 2 0 1
1 7 0 1
19 55 1 0
54 -5 0 1
-17 -16 0 1
-40 35 1 0
30 32 1 0
57 4 1 0
-79 -1 0 1
10 -51 1 0
4 92 0 1
-16 68 1 0
20 9 0 1
-54 5 1 0
11 64 0 1
-1 49 1 0
21 5 0 1
-26 -41 0 1
26 36 1 0
-25 23 0 1
-13 -15 0 1
18 -68 0 1
33 3 1 0
-25 23 0 1
-28 51 1 0
21 54 0 1
-54 -35 1 0
56 -43 1 0
55 24 0 1
32 -43 0 1
-7 21 0 1
30 -25 0 1
-36 0 0 1
-75 -14 0 1
47 -6 0 1
-72 -9 0 1
-72 -23 1 0
47 -55 0 1
1 -24 0 1
13 83 0 1
47 -34 0 1
-2 11 1 0
3 -33 1 0
9 75 1 0
-36 48 1 0
14 77 1 0
17 82 1 0
-49 -36 1 0
-23 -22 0 1
24 4 0 1
-5 49 0 1
67 21 1 0
31 62 0 1
28 54 0 1
51 -2 1 0
-42 -55 1 0
-1 -17 1 0
-33 39 0 1
-61 31 1 0
-43 4 1 0
5 67 0 1
-57 -24 0 1
-56 31 1 0
18 37 1 0
22 65 1 0
56 4 1 0
5 -35 1 0
-9 -44 0 1
2 -52 0 1
-21 64 1 0
4 39 1 0
33 13 1 0
29 -9 1 0
-9 18 0 1
19 -43 1 0
-66 26 1 0
-1 17 1 0
29 -63 1 0
-56 -14 0 1
-28 34 1 0
-16 7 1 0
2 -62 0 1
-27 -63 0 1
-78 -2 0 1
-5 -29 0 1
-9 -78 1 0
-21 -2 1 0
-56 -22 1 0
-9 -44 0 1
-11 62 0 1
-74 -1 1 0
45 0 1 0
0 -27 0 1
-30 51 1 0
-17 -17 1 0
-2 34 1 0
-13 -13 1 0
49 -42 1 0
18 54 1 0
69 19 0 1
57 6 1 0
-56 29 0 1
15 73 0 1
-4 41 0 1
0 -60 1 0
42 4 1 0
48 30 0 1
2 -72 1 0
-6 38 1 0
35 6 0 1
32 2 0 1
-44 33 1 0
30 34 0 1
-4 51 1 0
-3 75 1 0
30 -21 0 1
-12 -16 0 1
43 -35 0 1
17 83 1 0
69 19 0 1
11 26 0 1
55 25 0 1
-21 67 0 1
-39 23 1 0
-66 27 1 0
-54 5 1 0
62 -24 0 1
-17 34 0 1
79 -18 1 0
-58 -27 1 0
-11 -53 0 1
-58 -14 1 0
51 -29 0 1
-67 -8 1 0
-59 11 0 1
-7 -34 0 1
54 -26 0 1
-43 -49 1 0
43 -47 0 1
41 5 0 1
27 70 1 0
-2 -39 1 0
2 43 1 0
11 26 0 1
7 -77 0 1
75 -15 1 0
-4 -11 1 0
-73 -1 1 0
-42 -16 0 1
-7 -34 0 1
-45 26 1 0
25 -70 1 0
-31 11 1 0
3 -64 1 0
38 50 0 1
-77 -5 0 1
16 -37 0 1
-7 18 1 0
9 13 0 1
-15 -23 1 0
53 18 1 0
5 -4 1 0
-30 13 0 1
0 50 1 0
22 69 0 1
-1 49 0 1
-16 -30 0 1
50 -30 0 1
-26 -22 1 0
46 -48 1 0
44 -34 0 1
22 -67 0 1
-40 -54 0 1
69 19 0 1
-36 0 0 1
5 43 0 1
35 26 0 1
-10 18 0 1
-50 -18 1 0
9 -6 0 1
25 66 0 1
25 24 1 0
30 -4 1 0
19 -49 0 1
-2 -8 1 0
20 -54 0 1
30 57 1 0
6 3 1 0
-71 24 1 0
82 -5 0 1
29 -21 0 1
-63 5 0 1
-58 -24 0 1
11 -24 0 1
-24 20 1 0
-8 58 1 0
15 73 0 1
62 -24 0 1
5 -34 1 0
-26 -21 0 1
65 -18 0 1
27 69 1 0
32 1 1 0
-8 56 0 1
-51 5 0 1
-76 20 0 1
-42 22 0 1
7 77 0 1
33 49 0 1
-30 -37 1 0
37 -2 1 0
17 7 0 1
68 17 1 0
-25 24 0 1
19 -50 0 1
-30 14 0 1
-27 -37 1 0
63 7 0 1
-8 -75 0 1
-30 -63 1 0
17 53 0 1
-27 -40 1 0
-12 61 0 1
-80 0 0 1
-73 -15 0 1
-11 61 0 1
-9 62 0 1
-3 -26 1 0
55 24 1 0
31 48 1 0
-70 25 0 1
65 -16 0 1
10 -52 1 0
32 30 1 0
60 -41 1 0
-18 -30 0 1
18 83 0 1
-48 -31 1 0
-26 -41 0 1
-21 64 1 0
-54 -36 0 1
-15 38 0 1
-1 -9 0 1
-51 -19 0 1
-35 36 1 0
-16 1 0 1
35 -28 0 1
31 27 1 0
-28 33 0 1
11 -71 1 0
15 -34 0 1
-8 -70 0 1
0 84 0 1
5 67 0 1
-12 -66 1 0
-12 62 0 1
17 57 0 1
-18 -51 1 0
-19 -28 0 1
0 -40 1 0
-15 -55 1 0
-77 -28 1 0
12 79 1 0
49 -11 1 0
-17 34 0 1
-44 -20 0 1
-8 56 1 0
22 55 0 1
10 74 1 0
-6 -71 1 0
-13 -15 1 0
-3 34 1 0
21 -67 0 1
-10 -65 1 0
78 -18 1 0
61 1 0 1
12 23 1 0
47 -52 1 0
30 30 1 0
-25 -31 1 0
-28 34 0 1
1 51 0 1
-73 -1 1 0
10 65 1 0
79 -20 1 0
-2 -10 1 0
-37 22 1 0
-85 -30 1 0
-42 21 0 1
3 93 0 1
-27 -64 1 0
0 -27 0 1
-32 41 0 1
-9 48 1 0
-5 39 0 1
76 13 0 1
30 34 0 1
-31 -37 0 1
11 28 0 1
-36 48 1 0
-76 -22 1 0
-9 19 0 1
11 85 0 1
79 -19 1 0
5 67 0 1
-30 -54 0 1
-33 -36 1 0
-49 34 0 1
-4 32 1 0
-39 -48 1 0
-57 -29 0 1
-83 3 0 1
33 -9 1 0
63 7 0 1
35 23 0 1
-82 -27 0 1
2 88 1 0
-39 33 0 1
-68 -19 1 0
-30 13 0 1
-26 -37 1 0
-69 -19 1 0
-28 33 0 1
-55 -32 1 0
37 -1 1 0
29 59 0 1
21 30 1 0
0 -34 1 0
-74 -22 1 0
27 -11 0 1
-23 -4 1 0
18 5 0 1
-65 34 0 1
-31 -56 0 1
-30 -29 1 0
38 -13 1 0
32 29 0 1
-42 20 1 0
-17 -16 0 1
-10 -18 1 0
-6 31 0 1
22 69 0 1
-24 59 1 0
3 92 1 0
82 -5 0 1
-57 29 1 0
-28 16 1 0
-13 -42 0 1
-59 12 0 1
14 -53 0 1
-2 76 1 0
-59 -26 1 0
-15 55 1 0
-82 -29 0 1
-49 -30 1 0
-30 -27 1 0
51 -9 1 0
49 43 0 1
5 -4 1 0
39 -10 0 1
-9 -44 0 1
-21 57 0 1
26 72 0 1
-8 -44 0 1
4 92 0 1
-11 50 1 0
-14 1 1 0
-10 19 0 1
-18 -32 1 0
28 -63 1 0
-17 -1 1 0
47 -6 0 1
56 17 1 0
43 -47 0 1
11 29 0 1
4 39 1 0
-4 53 1 0
40 42 1 0
1 -23 0 1
6 3 1 0
-21 67 0 1
0 -36 1 0
-29 -53 1 0
-42 -54 1 0
25 27 1 0
-25 24 0 1
79 -20 1 0
71 -22 0 1
51 27 1 0
-28 -65 0 1
-83 3 0 1
-59 12 0 1
7 -75 1 0
-19 -50 1 0
21 -64 0 1
-48 7 1 0
-1 43 1 0
51 -10 0 1
15 1 1 0
5 41 1 0
-23 17 0 1
-55 -14 0 1
18 -70 1 0
12 67 0 1
-27 14 0 1
-20 -28 1 0
-42 22 0 1
-42 22 0 1
34 8 1 0
-63 4 0 1
16 8 0 1
-81 -29 0 1
4 -7 1 0
2 -53 0 1
0 84 0 1
-11 23 1 0
-33 41 0 1
51 -50 0 1
19 -53 0 1
10 14 0 1
-4 -17 1 0
-31 -61 0 1
17 53 0 1
-12 -61 0 1
6 66 1 0
19 71 1 0
-69 -20 1 0
5 67 0 1
-30 34 0 1
-47 -18 1 0
30 0 1 0
-25 25 0 1
30 -26 0 1
13 81 0 1
0 -74 1 0
-25 8 1 0
-1 -43 1 0
-20 -34 1 0
11 -55 1 0
-37 -36 0 1
-26 -23 1 0
-40 35 1 0
65 -21 0 1
11 2 0 1
-65 33 0 1
-74 -14 0 1
27 -11 0 1
-50 -21 1 0
2 43 0 1
67 20 1 0
15 -34 0 1
49 45 1 0
-24 17 1 0
5 -74 1 0
35 25 1 0
-24 -40 1 0
54 -26 0 1
-3 17 0 1
45 47 0 1
-3 -16 0 1
-72 24 1 0
-54 -35 1 0
-56 -14 0 1
2 16 0 1
-21 -38 1 0
-76 -7 0 1
22 56 0 1
-32 -58 0 1
11 28 0 1
83 -11 1 0
0 51 1 0
50 27 1 0
-48 -30 1 0
-11 -33 1 0
52 30 1 0
23 70 0 1
19 30 1 0
-10 20 0 1
31 32 1 0
55 9 1 0
-32 -59 0 1
-74 19 0 1
86 0 1 0
-30 31 0 1
-37 48 0 1
54 -2 0 1
-57 -29 0 1
26 -4 1 0
21 -61 0 1
-16 -4 1 0
27 -39 1 0
-5 39 1 0
4 34 0 1
-17 -4 1 0
49 45 1 0
19 -52 0 1
42 38 0 1
-33 49 1 0
-1 -63 0 1
-6 -52 1 0
51 -8 1 0
-17 0 0 1
14 20 1 0
4 -49 1 0
-20 65 1 0
3 40 0 1
-76 17 1 0
0 54 1 0
-30 50 0 1
-17 0 0 1
18 -49 1 0
73 12 0 1
20 82 0 1
-5 -32 0 1
4 43 0 1
-5 -30 0 1
75 13 1 0
22 -63 1 0
29 33 0 1
30 -5 1 0
-14 -17 1 0
28 -41 1 0
2 -53 0 1
29 23 1 0
-3 7 0 1
1 51 0 1
49 45 1 0
-23 58 1 0
60 2 1 0
17 73 1 0
-42 22 0 1
-80 -28 0 1
29 33 0 1
45 -46 0 1
-44 -22 0 1
-12 13 1 0
26 -40 1 0
48 44 1 0
-47 2 0 1
-75 -14 0 1
-12 -50 1 0
11 31 1 0
-8 -73 0 1
-16 -56 1 0
52 -3 0 1
37 -1 1 0
-6 -71 1 0
-8 -56 1 0
-9 -70 1 0
-24 58 1 0
-40 -51 1 0
-29 -27 1 0
-78 -4 0 1
-4 75 1 0
-67 30 0 1
57 5 1 0
-37 47 1 0
19 36 0 1
-26 -23 1 0
31 30 1 0
-48 3 0 1
-6 49 1 0
-14 59 1 0
-82 3 0 1
14 18 0 1
-2 -79 0 1
-33 -34 1 0
29 -21 0 1
42 38 0 1
78 -2 0 1
30 66 0 1
11 80 1 0
-2 -42 1 0
62 -41 1 0
-54 -33 1 0
23 -43 1 0
22 58 0 1
65 -17 0 1
19 4 0 1
-21 0 1 0
65 -16 0 1
-4 -16 0 1
32 12 1 0
54 -44 0 1
8 -20 0 1
11 -55 1 0
21 68 1 0
73 -15 0 1
-61 12 1 0
-43 -51 0 1
-11 62 0 1
-34 -57 1 0
-30 33 0 1
31 -43 0 1
17 53 0 1
-22 -28 1 0
-30 50 0 1
-12 -66 1 0
21 9 0 1
-2 7 0 1
64 -16 1 0
7 77 0 1
-30 50 0 1
-29 0 1 0
32 22 1 0
60 -38 1 0
48 -52 1 0
-15 -23 1 0
-9 -54 0 1
-39 33 1 0
53 25 0 1
85 -1 0 1
4 92 0 1
-17 60 0 1
-82 2 0 1
58 -44 1 0
62 7 0 1
4 -58 1 0
11 28 0 1
-22 66 0 1
40 49 0 1
34 12 0 1
27 -5 0 1
21 -62 1 0
-57 -29 0 1
-8 54 1 0
32 -43 0 1
-64 35 0 1
-74 19 1 0
-33 42 0 1
-75 20 1 0
20 8 0 1
19 68 0 1
-6 -42 0 1
42 39 0 1
-48 35 0 1
-11 -71 0 1
-30 34 0 1
29 -61 1 0
-74 19 0 1
-16 -3 1 0
22 2 1 0
-81 -29 0 1
54 17 0 1
17 57 1 0
-21 -35 1 0
36 10 1 0
-24 -45 0 1
-30 14 0 1
-18 -35 0 1
-74 -23 1 0
78 -2 0 1
4 93 0 1
-41 -53 0 1
-31 -43 1 0
-17 -49 1 0
41 6 0 1
21 30 1 0
10 85 0 1
56 10 1 0
71 -22 0 1
10 -71 1 0
0 -61 0 1
47 -54 0 1
0 73 0 1
-81 0 0 1
-53 -17 0 1
-49 33 1 0
2 43 1 0
9 -4 0 1
1 -74 1 0
-74 19 1 0
57 5 0 1
42 -34 0 1
-27 14 0 1
-48 35 0 1
26 33 0 1
34 -28 1 0
-11 62 0 1
31 -5 1 0
-32 40 0 1
2 5 1 0
23 26 1 0
23 67 1 0
51 -29 0 1
-2 8 0 1
26 -41 1 0
-77 -4 0 1
26 69 1 0
-10 -17 1 0
15 -54 1 0
0 48 1 0
36 7 0 1
52 -49 1 0
29 -43 0 1
28 -39 1 0
-61 -11 0 1
8 -19 1 0
5 38 1 0
-12 13 0 1
35 -28 0 1
-23 -45 1 0
0 -35 1 0
-57 -14 0 1
13 30 0 1
41 5 0 1
-75 26 1 0
-16 55 1 0
-17 -31 0 1
-25 -61 1 0
-19 -4 1 0
22 56 0 1
4 92 0 1
18 40 0 1
-58 31 1 0
1 17 1 0
-1 -81 0 1
-61 -12 1 0
-5 19 0 1
44 47 0 1
-77 -5 0 1
73 14 1 0
18 67 0 1
-27 32 0 1
77 0 1 0
15 78 1 0
17 -69 1 0
-9 52 1 0
-13 62 0 1
-5 -31 0 1
43 39 0 1
-28 -54 1 0
-31 9 1 0
45 48 0 1
61 1 0 1
3 -57 1 0
7 77 0 1
65 -16 0 1
-15 57 1 0
29 55 0 1
-8 53 1 0
3 41 1 0
1 7 0 1
53 -2 0 1
-29 -28 1 0
-2 6 0 1
11 3 1 0
-49 4 0 1
-57 -24 0 1
-17 36 0 1
-18 4 1 0
-15 1 1 0
28 -69 1 0
-1 -7 1 0
11 24 0 1
48 29 1 0
-24 -45 0 1
-32 -50 1 0
-82 5 1 0
-60 -18 0 1
-83 -29 0 1
40 -11 0 1
1 44 1 0
0 -59 0 1
5 -35 1 0
-2 -75 1 0
-83 2 0 1
-12 14 0 1
66 6 1 0
14 37 1 0
-36 -35 1 0
-67 29 0 1
-41 21 0 1
30 33 0 1
11 -50 1 0
26 -40 0 1
-41 24 1 0
-2 12 1 0
50 -30 0 1
-35 39 1 0
43 -47 0 1
2 -73 1 0
13 65 0 1
-12 -41 0 1
3 -57 0 1
-12 -61 0 1
61 9 0 1
21 13 1 0
2 -62 0 1
-25 26 0 1
-76 18 0 1
-6 -43 1 0
28 -63 0 1
-20 -35 1 0
-5 -29 0 1
-72 -16 0 1
-34 -34 1 0
-1 54 1 0
7 3 0 1
18 -30 1 0
-15 -55 1 0
-45 25 1 0
-19 -29 1 0
-35 39 1 0
-31 -34 1 0
76 14 0 1
27 69 0 1
3 34 0 1
-63 3 0 1
-27 31 0 1
-9 -28 1 0
21 74 1 0
42 38 0 1
51 -1 1 0
-1 83 0 1
-56 30 0 1
5 -70 1 0
50 -41 1 0
7 -73 0 1
17 71 1 0
-46 24 1 0
-1 -6 0 1
-49 -36 0 1
-82 2 0 1
17 8 0 1
-18 4 1 0
-68 30 0 1
-14 64 1 0
4 33 0 1
23 66 1 0
22 56 0 1
35 23 0 1
-32 -59 0 1
-34 -6 0 1
44 0 1 0
-61 -11 0 1
-11 20 0 1
-23 -46 1 0
-60 -12 0 1
-29 -61 1 0
-63 4 0 1
56 8 1 0
44 36 1 0
-68 23 1 0
-27 -63 0 1
-11 -41 1 0
-14 12 1 0
-6 31 0 1
-25 18 0 1
11 -24 0 1
-3 18 1 0
79 -3 1 0
-10 19 0 1
30 67 1 0
41 -15 1 0
-4 78 1 0
-56 31 1 0
27 -69 1 0
-12 -60 1 0
-47 3 0 1
-11 55 0 1
45 -12 0 1
51 29 1 0
-59 10 0 1
43 -33 1 0
9 3 1 0
9 -4 0 1
-23 58 1 0
-10 50 0 1
-21 -23 0 1
1 -25 0 1
4 92 0 1
27 30 0 1
30 -2 1 0
29 15 1 0
45 44 0 1
-35 -8 0 1
44 -48 1 0
27 -11 0 1
11 -50 1 0
46 -51 0 1
-9 -17 1 0
-40 22 1 0
19 4 0 1
-8 -32 0 1
3 40 0 1
-21 -24 0 1
8 -20 0 1
21 68 1 0
31 66 0 1
9 44 1 0
-54 5 1 0
-46 26 1 0
-42 -17 0 1
24 4 1 0
-75 23 1 0
51 -30 0 1
-12 -41 0 1
-31 14 0 1
-8 -44 0 1
61 -39 1 0
-59 10 0 1
-9 19 0 1
30 -27 0 1
81 -11 1 0
0 -60 0 1
-44 5 1 0
83 0 0 1
-43 5 0 1
-14 -58 1 0
10 14 0 1
-64 4 0 1
-57 -25 1 0
24 -42 1 0
2 90 0 1
34 49 1 0
81 -15 1 0
31 57 1 0
-8 -56 0 1
22 12 1 0
-24 19 0 1
53 26 0 1
-24 -5 1 0
30 54 0 1
83 -15 0 1
21 55 1 0
6 -68 1 0
2 -24 0 1
-20 -26 1 0
15 75 0 1
20 -54 0 1
-17 62 0 1
-6 42 0 1
73 -14 1 0
-28 14 0 1
11 84 1 0
-59 10 0 1
5 -65 1 0
21 -65 0 1
49 45 1 0
36 12 1 0
53 25 0 1
-74 18 1 0
-8 19 1 0
-40 32 1 0
5 -33 1 0
-28 -65 0 1
15 -33 0 1
-31 -51 0 1
-35 35 1 0
0 -8 1 0
-17 33 1 0
76 14 0 1
12 63 0 1
-35 39 0 1
-76 19 0 1
-26 26 0 1
-17 0 0 1
-42 -15 0 1
14 18 0 1
78 -2 0 1
-37 -36 1 0
0 -68 1 0
-44 29 1 0
34 22 0 1
-33 -7 1 0
27 30 0 1
18 -52 0 1
63 9 1 0
-67 -8 0 1
-33 -32 1 0
1 -27 1 0
82 -4 1 0
7 -19 1 0
-14 56 1 0
-1 -81 0 1
-78 -2 0 1
-19 -27 0 1
30 54 0 1
9 13 0 1
74 -19 1 0
-32 -58 0 1
-23 -1 1 0
54 -1 0 1
-10 54 1 0
-32 -50 0 1
-35 40 1 0
63 7 0 1
19 37 1 0
-5 49 0 1
20 77 1 0
24 4 0 1
-35 -1 0 1
-24 8 0 1
15 -35 1 0
20 -68 0 1
5 67 0 1
77 12 1 0
9 2 0 1
-7 18 1 0
-11 -15 0 1
-33 -51 0 1
-13 -43 1 0
10 -22 0 1
54 18 0 1
2 -62 0 1
31 -1 1 0
-6 -68 1 0
-52 -33 0 1
-7 -57 1 0
55 16 1 0
-7 -74 0 1
23 55 0 1
12 67 1 0
-48 35 0 1
2 -52 1 0
-13 -57 1 0
-14 54 1 0
26 -42 0 1
-8 -56 0 1
-23 22 1 0
9 74 1 0
-34 -2 1 0
30 -24 0 1
65 -19 0 1
-28 33 0 1
-14 -63 1 0
-36 0 0 1
0 -76 0 1
28 55 1 0
78 0 1 0
-13 -56 1 0
1 34 0 1
-3 -38 0 1
-10 -44 0 1
21 -63 0 1
-59 -18 0 1
42 48 0 1
28 61 1 0
-51 -21 1 0
-17 36 0 1
-3 7 0 1
-35 -9 1 0
41 5 0 1
0 89 1 0
-16 -49 0 1
9 -20 1 0
-76 -24 1 0
22 63 0 1
53 -5 1 0
35 -28 0 1
63 10 1 0
15 13 1 0
0 -26 0 1
-70 24 0 1
30 -26 0 1
26 72 1 0
31 29 1 0
0 -63 1 0
0 -35 0 1
73 -15 1 0
54 19 0 1
6 92 0 1
14 -5 1 0
38 50 1 0
81 0 1 0
-45 6 1 0
47 -34 0 1
-3 -37 1 0
2 88 1 0
49 -34 0 1
17 77 1 0
-22 -22 0 1
-29 -54 1 0
-32 -58 0 1
12 74 1 0
-12 -18 1 0
71 -22 0 1
-22 57 0 1
-35 39 0 1
26 -42 1 0
-37 37 1 0
31 66 0 1
-31 50 0 1
-8 -69 1 0
-48 7 1 0
31 49 0 1
-69 25 1 0
-66 -8 0 1
-30 31 0 1
-14 -62 1 0
-1 85 1 0
-2 7 0 1
10 -71 1 0
-30 16 1 0
16 -50 1 0
45 32 1 0
-28 53 1 0
73 -14 1 0
14 -53 0 1
-84 -27 0 1
0 73 1 0
65 -17 0 1
65 -18 0 1
27 -5 0 1
-42 -15 0 1
0 88 0 1
41 39 0 1
15 66 0 1
-35 39 0 1
32 12 1 0
-67 29 0 1
28 35 1 0
-56 30 0 1
55 11 0 1
-78 -27 1 0
42 -17 1 0
-75 -23 1 0
4 -54 1 0
26 31 1 0
6 -1 1 0
-59 10 0 1
43 -11 1 0
20 39 0 1
6 -72 1 0
24 4 0 1
-59 13 0 1
-25 -39 1 0
-75 -2 1 0
22 28 1 0
29 -22 0 1
-45 -49 1 0
-1 -77 1 0
83 -12 1 0
-34 -6 0 1
67 17 1 0
-83 -29 0 1
8 92 0 1
-43 4 0 1
5 -33 1 0
-16 38 1 0
-7 -53 1 0
-72 25 1 0
76 -17 1 0
1 -24 0 1
-19 4 1 0
35 26 0 1
54 -1 0 1
28 54 0 1
2 33 1 0
-4 78 1 0
20 -53 0 1
-30 33 0 1
13 83 0 1
51 26 1 0
-23 56 0 1
-13 -15 0 1
20 -66 0 1
56 -43 1 0
18 4 0 1
72 13 1 0
20 -53 0 1
62 -40 1 0
5 -33 1 0
-26 29 0 1
-25 9 0 1
-20 -35 1 0
-24 19 0 1
-25 9 1 0
10 -23 0 1
32 12 1 0
6 79 1 0
-28 14 0 1
14 18 0 1
40 -46 0 1
-77 -24 1 0
55 19 1 0
54 17 0 1
-9 -44 0 1
-14 -56 1 0
11 -71 1 0
-50 -18 1 0
-60 -27 1 0
5 42 0 1
33 -21 1 0
54 -26 0 1
9 -5 0 1
48 31 1 0
-33 -2 1 0
-63 -26 1 0
28 -63 0 1
-2 -10 1 0
6 78 1 0
0 -59 0 1
-64 35 0 1
43 -35 0 1
48 -51 0 1
48 -29 1 0
47 -6 0 1
8 92 1 0
13 -7 1 0
17 -68 1 0
17 -68 1 0
53 25 0 1
48 44 1 0
27 -10 0 1
21 -61 0 1
-8 17 1 0
54 -1 0 1
-64 35 1 0
0 3 1 0
0 -65 1 0
-5 19 1 0
15 -32 0 1
0 -76 0 1
-51 31 1 0
10 85 0 1
71 18 1 0
-37 22 1 0
43 -48 1 0
-64 25 0 1
-24 19 0 1
44 -47 1 0
-73 -14 0 1
45 32 0 1
38 -17 1 0
-42 -49 1 0
19 57 1 0
-1 -81 0 1
53 18 1 0
57 -45 1 0
1 -24 0 1
-5 76 1 0
79 -19 1 0
-3 53 1 0
31 65 0 1
18 -50 0 1
-62 -27 0 1
-18 -35 0 1
-25 -44 0 1
-44 29 1 0
-48 -31 1 0
32 -8 0 1
26 -41 0 1
40 4 1 0
-30 -54 0 1
27 -5 0 1
-58 31 1 0
-81 -25 1 0
-1 -75 1 0
-5 -32 0 1
2 -52 0 1
-40 22 1 0
-70 25 0 1
74 13 0 1
29 -43 0 1
-19 4 1 0
-28 -54 1 0
-29 -56 1 0
30 -10 1 0
26 -42 0 1
-58 -24 0 1
0 73 1 0
53 25 0 1
48 -55 1 0
56 5 1 0
20 12 1 0
7 79 0 1
43 37 1 0
-5 39 0 1
19 34 1 0
76 13 1 0
2 -62 0 1
-54 -36 0 1
76 12 0 1
-32 41 0 1
30 46 1 0
-23 57 1 0
20 68 1 0
2 -52 0 1
-26 28 0 1
-43 -20 1 0
11 -1 1 0
54 19 0 1
-5 39 0 1
0 -57 0 1
-5 -32 1 0
-77 -28 1 0
2 -77 1 0
-15 -21 1 0
26 25 1 0
44 -34 0 1
-7 -57 1 0
51 -10 0 1
22 64 1 0
18 4 1 0
-76 -24 1 0
9 2 0 1
-26 -43 0 1
81 -11 1 0
-65 26 1 0
22 30 1 0
41 49 1 0
-66 28 1 0
23 1 1 0
9 -5 0 1
57 7 1 0
-22 -28 1 0
82 0 1 0
-23 59 0 1
18 82 1 0
37 -1 1 0
4 40 1 0
82 -5 0 1
-49 2 0 1
78 -18 1 0
69 18 0 1
19 4 0 1
-26 -43 0 1
2 16 0 1
44 0 1 0
-14 -15 0 1
-31 -49 1 0
-25 -1 0 1
25 -67 0 1
-67 -16 0 1
21 -67 0 1
0 -36 1 0
-52 33 0 1
65 -17 0 1
-2 -16 1 0
-26 -51 0 1
-28 -65 0 1
29 19 1 0
19 -53 0 1
4 32 1 0
-48 -18 1 0
31 63 1 0
1 71 1 0
73 -19 1 0
-2 8 0 1
-32 41 0 1
-18 0 1 0
2 84 0 1
13 -52 1 0
-27 0 1 0
52 -28 0 1
-48 7 1 0
-6 30 0 1
32 -22 1 0
-51 5 0 1
-8 -75 0 1
68 17 1 0
-15 -22 1 0
65 -22 0 1
6 78 0 1
-17 -16 0 1
-12 -61 0 1
-17 60 1 0
9 -6 0 1
11 64 0 1
-30 -62 0 1
37 -2 1 0
13 14 1 0
-18 -34 0 1
-73 -23 1 0
-11 55 0 1
-67 30 1 0
-26 -43 1 0
-69 23 1 0
52 -9 0 1
-36 47 1 0
-31 38 0 1
-7 21 0 1
22 76 1 0
-68 20 0 1
-63 29 1 0
-45 24 1 0
28 -38 1 0
-31 -37 0 1
17 8 0 1
18 35 1 0
-37 47 1 0
14 -34 0 1
38 -2 1 0
-19 -17 1 0
36 7 0 1
51 -28 1 0
-14 -57 1 0
27 -67 1 0
-33 38 1 0
-25 25 0 1
-28 14 0 1
16 70 0 1
-41 -52 0 1
-48 1 0 1
29 -62 1 0
3 33 0 1
-51 31 1 0
-29 18 1 0
12 63 0 1
40 8 1 0
-52 5 0 1
2 -62 0 1
-11 -65 0 1
-73 -23 1 0
-25 22 1 0
-33 -38 1 0
10 -51 0 1
19 -53 0 1
-79 0 0 1
-27 54 1 0
36 24 1 0
27 -5 0 1
-55 -16 1 0
36 5 1 0
54 -5 0 1
-20 67 0 1
-31 -26 1 0
32 2 0 1
8 89 1 0
5 43 0 1
43 5 1 0
-25 23 0 1
20 -66 0 1
-15 4 1 0
-1 -80 0 1
0 -26 0 1
-27 2 1 0
-32 -59 0 1
55 -44 1 0
-40 -54 0 1
18 -40 1 0
-82 -26 1 0
29 59 0 1
-79 -27 1 0
26 -68 1 0
-19 -19 1 0
9 -5 0 1
-72 26 1 0
-42 22 0 1
-18 -35 0 1
20 9 0 1
35 9 1 0
-41 -53 0 1
0 -8 0 1
62 -40 0 1
61 -42 1 0
30 -26 0 1
-77 -5 0 1
32 48 0 1
36 26 0 1
-18 -51 0 1
61 1 0 1
-54 -37 0 1
-64 5 0 1
-31 -35 1 0
-50 -31 1 0
23 58 1 0
-77 -5 0 1
25 25 1 0
11 -23 1 0
-42 -55 1 0
1 -23 0 1
-5 -30 0 1
-22 -22 0 1
13 81 1 0
56 8 1 0
61 1 0 1
3 45 1 0
35 26 0 1
-36 -35 1 0
27 -4 1 0
21 -68 1 0
-35 -2 0 1
7 -77 1 0
-2 -37 1 0
7 -73 0 1
0 -24 1 0
15 34 1 0
-23 -21 0 1
29 56 0 1
-63 -10 1 0
68 17 1 0
56 -45 1 0
-41 23 0 1
18 56 1 0
22 64 1 0
18 37 1 0
-7 -43 0 1
0 -56 0 1
6 -67 1 0
-16 36 1 0
42 49 0 1
-69 -19 1 0
-7 -32 1 0
51 27 1 0
24 2 1 0
20 83 0 1
31 32 1 0
30 68 1 0
-21 -24 0 1
26 36 1 0
-73 -13 1 0
18 37 1 0
-12 12 1 0
-44 23 1 0
7 3 1 0
50 -30 0 1
-69 -17 1 0
5 67 0 1
-30 -54 0 1
-41 22 0 1
-31 -62 0 1
27 55 0 1
0 -35 1 0
-12 54 0 1
9 87 1 0
6 41 1 0
11 24 0 1
-9 -32 1 0
-54 -11 0 1
44 -34 0 1
-80 3 1 0
51 -10 0 1
71 -22 0 1
11 -71 1 0
-29 -56 0 1
-25 -24 0 1
26 -42 0 1
28 -3 1 0
19 82 0 1
5 -34 1 0
-4 41 0 1
-21 -23 0 1
10 -3 1 0
33 -41 0 1
-76 23 1 0
44 -12 0 1
81 -17 0 1
-9 53 1 0
30 34 0 1
-7 -42 1 0
-62 -27 0 1
-32 -58 0 1
54 19 0 1
79 -20 1 0
19 82 0 1
17 8 0 1
61 1 0 1
-34 -6 0 1
-57 -30 1 0
17 79 1 0
-26 27 0 1
11 28 0 1
14 23 1 0
29 18 0 1
21 -63 0 1
60 -38 1 0
-3 -15 1 0
54 -5 0 1
75 15 1 0
-5 -30 0 1
-44 -19 0 1
-30 14 0 1
85 -1 0 1
30 -26 0 1
-33 49 1 0
48 44 1 0
-16 1 0 1
55 20 1 0
65 -17 0 1
6 -77 0 1
0 -26 0 1
-23 -45 1 0
4 38 1 0
-56 29 0 1
9 2 0 1
-76 19 1 0
-75 -2 1 0
0 86 1 0
65 -22 0 1
26 -5 0 1
29 -9 1 0
-18 -51 1 0
-57 29 1 0
-49 -36 0 1
-58 -33 1 0
-6 51 1 0
8 2 0 1
-1 -81 1 0
-41 -53 0 1
-23 -21 0 1
-70 24 0 1
64 -17 1 0
19 83 0 1
46 -54 1 0
67 20 1 0
-62 -9 1 0
82 -10 1 0
36 10 1 0
-9 -76 1 0
-32 41 0 1
-14 -20 1 0
84 -15 0 1
-7 -74 0 1
-19 -27 0 1
16 -37 0 1
-6 55 0 1
-51 -19 0 1
48 -9 1 0
21 -65 0 1
-11 -64 0 1
-76 22 1 0
28 -36 0 1
-28 -40 1 0
10 -51 0 1
-22 58 1 0
19 -53 0 1
45 -48 1 0
82 -5 1 0
45 47 0 1
16 -39 0 1
30 -25 0 1
-25 25 0 1
-3 -13 1 0
25 27 0 1
1 87 1 0
-26 -60 1 0
0 -26 0 1
51 -29 0 1
0 -63 1 0
47 -55 0 1
10 -24 0 1
-60 12 0 1
-62 -11 1 0
8 76 1 0
28 54 0 1
9 10 0 1
19 4 0 1
9 12 1 0
28 56 1 0
-48 1 0 1
22 77 0 1
-76 -6 1 0
13 29 1 0
-12 -61 1 0
-27 -63 1 0
21 79 1 0
-68 20 0 1
65 -22 0 1
-78 -3 0 1
3 -58 1 0
73 14 1 0
40 49 1 0
4 80 0 1
19 30 0 1
1 -59 1 0
-31 -60 0 1
-3 34 1 0
19 52 1 0
66 6 1 0
-6 -68 1 0
1 34 0 1
48 45 1 0
49 44 1 0
-8 -73 1 0
29 59 0 1
-18 -51 0 1
-8 -34 1 0
43 1 1 0
32 -43 0 1
-6 -29 1 0
27 -10 1 0
10 84 0 1
-61 -11 1 0
23 68 0 1
-27 -25 1 0
-18 -51 0 1
-22 -6 1 0
-14 63 1 0
-24 -44 1 0
-6 31 0 1
-9 -32 1 0
33 -42 0 1
-9 -65 1 0
49 -34 0 1
-49 35 0 1
-14 0 1 0
-13 64 1 0
52 28 1 0
-12 -16 0 1
-13 62 0 1
-72 -22 1 0
-6 30 0 1
11 26 0 1
62 -24 0 1
-46 26 1 0
51 -29 0 1
-64 36 1 0
-9 54 1 0
-79 -1 0 1
-23 58 1 0
-10 -71 1 0
-1 18 0 1
62 -24 0 1
-7 55 0 1
1 34 0 1
-22 -1 1 0
-12 -51 1 0
-28 -65 0 1
-24 19 0 1
-18 -51 1 0
3 93 1 0
9 -72 1 0
10 14 0 1
29 59 0 1
38 -12 1 0
-32 39 0 1
-17 36 0 1
-42 -52 1 0
-55 29 0 1
-1 -29 0 1
-1 84 0 1
-83 -30 0 1
-80 0 0 1
-27 -63 1 0
3 -55 0 1
-8 -73 0 1
27 -42 0 1
20 30 0 1
-60 32 1 0
2 85 1 0
-46 8 1 0
0 -42 1 0
-4 41 0 1
9 14 1 0
84 -15 0 1
35 4 0 1
-2 7 0 1
31 56 1 0
-5 19 0 1
30 34 0 1
0 73 1 0
26 -40 0 1
0 8 1 0
8 14 0 1
-70 25 0 1
-5 -31 0 1
15 -33 0 1
-20 -35 1 0
41 -16 1 0
-27 23 1 0
-20 -5 1 0
-13 -42 0 1
82 0 1 0
79 -18 1 0
30 -34 0 1
-21 66 0 1
26 -42 0 1
43 -18 0 1
-26 -25 1 0
-27 -39 0 1
-10 49 1 0
-37 -36 0 1
-32 -50 0 1
47 -55 1 0
45 -54 1 0
18 -41 1 0
10 63 1 0
-34 -60 1 0
8 75 1 0
-49 34 0 1
23 -70 1 0
50 -40 0 1
32 32 1 0
72 -16 1 0
-13 -50 1 0
-74 -13 0 1
14 -53 0 1
84 -15 0 1
58 -44 1 0
-76 23 1 0
27 -5 0 1
16 70 0 1
28 -65 1 0
31 56 1 0
46 -11 1 0
41 6 0 1
19 83 0 1
6 -7 1 0
-21 66 0 1
40 6 1 0
-59 11 0 1
62 -25 1 0
-24 8 1 0
83 0 0 1
-38 38 1 0
12 68 1 0
82 -18 1 0
-73 -15 0 1
-17 58 1 0
44 -34 0 1
-12 13 1 0
-19 -4 1 0
-3 7 0 1
-17 1 0 1
28 54 0 1
-34 41 0 1
10 -22 0 1
-10 -76 1 0
2 16 1 0
-3 -38 0 1
-1 -36 1 0
-15 -21 1 0
27 -10 0 1
84 -1 0 1
3 86 1 0
48 -40 1 0
-67 -8 0 1
-28 33 0 1
0 -78 1 0
-56 31 0 1
5 -70 1 0
-18 -30 0 1
30 -24 0 1
-4 41 0 1
-30 -40 1 0
-5 17 1 0
-2 -8 1 0
54 -2 0 1
-63 -11 1 0
44 47 0 1
-35 39 0 1
51 -8 1 0
-53 -34 0 1
-28 -54 1 0
44 34 1 0
-9 -17 1 0
78 -2 0 1
19 82 0 1
-35 38 1 0
31 32 1 0
4 -74 1 0
-1 -78 1 0
-77 -4 1 0
11 65 1 0
15 35 1 0
-59 -21 1 0
44 -36 1 0
-77 -22 1 0
-5 40 1 0
69 19 0 1
-27 -61 0 1
-32 42 0 1
31 66 0 1
32 -9 1 0
-3 -17 1 0
-21 65 1 0
2 17 1 0
-59 11 0 1
-55 -14 0 1
52 -3 1 0
0 -25 0 1
-49 -36 0 1
13 22 1 0
43 -47 0 1
60 -41 1 0
16 -68 1 0
-74 20 1 0
44 0 1 0
-17 4 1 0
19 52 0 1
43 -18 0 1
-9 -44 0 1
-62 -9 1 0
-8 -74 1 0
-10 -42 1 0
-53 -33 0 1
40 49 1 0
0 43 1 0
-41 35 1 0
9 88 1 0
45 48 0 1
-22 -22 0 1
-27 -64 1 0
-48 35 0 1
-75 -14 0 1
21 12 1 0
15 75 0 1
-43 -49 0 1
17 72 1 0
30 -43 0 1
-9 53 1 0
26 -69 0 1
10 -24 0 1
35 23 0 1
10 -51 0 1
-13 59 0 1
26 65 1 0
19 30 0 1
-36 0 0 1
-43 -21 1 0
2 90 0 1
51 -47 1 0
64 -22 1 0
-76 18 0 1
3 15 1 0
-52 32 1 0
0 84 0 1
-6 -42 0 1
-38 22 1 0
14 18 0 1
-64 4 0 1
33 -42 0 1
-44 5 1 0
44 -48 0 1
-26 -43 0 1
-8 -74 0 1
61 -39 1 0
-15 2 1 0
-23 56 0 1
78 -18 1 0
-9 -70 1 0
6 13 1 0
43 5 1 0
0 -25 0 1
8 -72 0 1
-80 0 0 1
-35 35 1 0
-8 -44 0 1
-26 -51 1 0
-28 53 0 1
-58 31 1 0
-58 -18 1 0
23 55 1 0
-36 37 1 0
10 -51 0 1
36 -27 1 0
48 -53 1 0
-39 24 1 0
-5 -29 0 1
8 14 0 1
-37 48 0 1
57 5 0 1
49 44 1 0
50 -41 1 0
-32 -30 1 0
77 -2 1 0
21 -67 0 1
21 75 1 0
8 -8 1 0
-9 61 1 0
40 42 1 0
-23 56 0 1
47 -51 1 0
32 -21 1 0
-3 45 1 0
48 45 1 0
30 -35 1 0
-29 17 1 0
-60 -14 1 0
32 30 1 0
4 32 1 0
66 17 1 0
42 -36 1 0
29 56 0 1
22 77 0 1
-15 1 1 0
-12 -60 1 0
62 9 0 1
20 83 0 1
29 -33 1 0
22 56 0 1
-41 -53 0 1
-20 -2 0 1
46 30 1 0
21 77 1 0
-33 -51 0 1
16 70 0 1
-28 14 0 1
45 48 0 1
31 49 1 0
-16 -30 0 1
-32 -33 0 1
22 2 1 0
-24 57 1 0
-56 -14 0 1
-25 26 0 1
-6 30 0 1
2 -62 0 1
26 -69 0 1
-70 25 0 1
-31 -27 1 0
2 -24 1 0
19 37 1 0
-68 23 1 0
62 -24 0 1
-13 -15 0 1
-67 -8 1 0
-15 -4 1 0
-28 14 0 1
6 65 1 0
-59 8 1 0
6 -1 1 0
6 -74 0 1
-31 -29 1 0
-5 0 1 0
-31 14 0 1
-2 -17 0 1
-84 -27 0 1
7 3 1 0
-41 -15 0 1
-2 84 0 1
45 -13 1 0
12 -24 0 1
-1 50 1 0
-30 13 0 1
-24 -2 1 0
-27 23 1 0
56 8 1 0
20 31 0 1
-31 -55 1 0
30 63 0 1
74 13 0 1
40 49 0 1
-77 -21 1 0
52 -8 0 1
32 48 0 1
-5 39 0 1
32 29 1 0
4 -6 1 0
-33 -52 0 1
31 47 1 0
-62 -27 0 1
20 31 0 1
-52 -34 1 0
1 -24 0 1
-34 -8 1 0
-3 6 0 1
-16 7 1 0
-31 -43 1 0
30 -34 0 1
-84 -27 0 1
4 -33 1 0
-42 -54 0 1
6 13 1 0
-23 59 1 0
3 34 0 1
-74 19 0 1
22 28 1 0
4 92 0 1
-75 -14 0 1
54 -43 0 1
-22 -1 0 1
61 -21 1 0
-10 -77 1 0
-46 -22 1 0
-9 -17 0 1
-43 5 1 0
-13 -16 0 1
-78 -2 0 1
4 -73 0 1
-2 6 0 1
17 77 1 0
-50 3 0 1
51 -1 1 0
5 67 0 1
-67 -16 1 0
-44 5 1 0
10 81 1 0
-13 62 0 1
-33 -52 0 1
4 -65 1 0
-18 -56 1 0
0 -9 0 1
64 6 1 0
-56 30 0 1
-10 -52 1 0
-83 3 0 1
-22 -3 1 0
1 34 1 0
-41 -15 1 0
-17 -55 1 0
-24 -42 1 0
-26 -22 1 0
-50 -21 1 0
-61 -25 1 0
-83 -29 0 1
-67 -8 1 0
-64 5 0 1
-12 11 1 0
20 12 1 0
1 -27 1 0
21 39 1 0
-44 -20 0 1
39 -17 0 1
54 10 1 0
62 9 0 1
16 70 0 1
27 66 1 0
45 -12 0 1
38 51 1 0
-30 34 0 1
51 27 1 0
-79 -28 1 0
65 -23 1 0
-60 32 1 0
80 -17 1 0
-34 -2 0 1
-50 32 0 1
-64 4 0 1
-33 42 0 1
44 3 1 0
-9 -71 1 0
-1 3 1 0
-30 -62 0 1
33 -27 0 1
0 -74 1 0
-51 -19 0 1
7 -70 1 0
-1 75 0 1
-80 0 0 1
-27 31 1 0
56 -44 1 0
-1 -8 1 0
55 11 0 1
-17 61 0 1
-77 -4 0 1
-31 37 1 0
19 34 1 0
-64 25 0 1
1 50 1 0
-67 -16 0 1
63 7 0 1
1 -23 0 1
-81 1 0 1
-49 33 1 0
-4 17 1 0
36 23 0 1
82 0 0 1
14 77 1 0
-5 30 1 0
-3 54 1 0
16 -32 1 0
30 -33 1 0
22 13 1 0
18 4 0 1
85 -4 1 0
13 82 0 1
-21 -39 1 0
27 -66 1 0
45 48 0 1
-49 -36 0 1
1 -23 0 1
48 31 1 0
-49 4 0 1
-24 -45 0 1
17 7 0 1
17 34 1 0
-62 -9 1 0
37 9 1 0
-56 -14 1 0
7 -76 1 0
55 25 1 0
26 -10 1 0
-11 54 1 0
-58 -31 0 1
65 -19 0 1
-17 36 0 1
31 -5 1 0
52 -47 0 1
-6 51 1 0
-42 -15 0 1
-3 -18 0 1
5 42 0 1
-29 0 1 0
-52 -17 0 1
-62 -28 0 1
-69 23 1 0
-48 9 1 0
-42 -54 0 1
-30 -54 0 1
-33 -33 1 0
0 -42 1 0
60 9 0 1
-37 -58 1 0
-18 -29 0 1
-59 13 0 1
2 7 1 0
-4 51 1 0
-9 -28 1 0
-39 -55 0 1
53 18 1 0
-12 -49 1 0
-68 20 0 1
25 -43 1 0
35 4 0 1
19 36 1 0
43 -48 0 1
26 64 1 0
-2 -78 1 0
83 -11 1 0
15 -34 0 1
18 -52 0 1
19 4 0 1
60 -41 1 0
48 -11 1 0
-45 23 1 0
