0.000000000000000000e+00 1.000000000000000000e+00 6.817000000000000000e+03 5.690000000000000000e+02 3.350000000000000000e+02 0.000000000000000000e+00
0.000000000000000000e+00 1.000000000000000000e+00 2.447000000000000000e+03 5.270000000000000000e+02 1.890000000000000000e+02 1.000000000000000000e+00
1.000000000000000000e+00 0.000000000000000000e+00 3.340000000000000000e+03 2.070000000000000000e+02 2.500000000000000000e+02 1.000000000000000000e+00
1.000000000000000000e+00 0.000000000000000000e+00 1.904000000000000000e+03 5.490000000000000000e+02 5.530000000000000000e+02 0.000000000000000000e+00
0.000000000000000000e+00 1.000000000000000000e+00 5.101000000000000000e+03 5.160000000000000000e+02 5.650000000000000000e+02 0.000000000000000000e+00
1.000000000000000000e+00 0.000000000000000000e+00 3.446000000000000000e+03 2.220000000000000000e+02 1.420000000000000000e+02 1.000000000000000000e+00
1.000000000000000000e+00 0.000000000000000000e+00 6.142000000000000000e+03 1.100000000000000000e+02 2.820000000000000000e+02 1.000000000000000000e+00
1.000000000000000000e+00 0.000000000000000000e+00 6.588000000000000000e+03 4.700000000000000000e+02 4.440000000000000000e+02 1.000000000000000000e+00
1.000000000000000000e+00 0.000000000000000000e+00 4.179000000000000000e+03 2.850000000000000000e+02 3.800000000000000000e+02 1.000000000000000000e+00
0.000000000000000000e+00 1.000000000000000000e+00 3.453000000000000000e+03 5.430000000000000000e+02 1.760000000000000000e+02 1.000000000000000000e+00
0.000000000000000000e+00 1.000000000000000000e+00 5.056000000000000000e+03 2.790000000000000000e+02 4.830000000000000000e+02 1.000000000000000000e+00
1.000000000000000000e+00 0.000000000000000000e+00 9.420000000000000000e+02 4.730000000000000000e+02 4.010000000000000000e+02 0.000000000000000000e+00
0.000000000000000000e+00 1.000000000000000000e+00 6.708000000000000000e+03 1.580000000000000000e+02 2.820000000000000000e+02 1.000000000000000000e+00
0.000000000000000000e+00 1.000000000000000000e+00 3.543000000000000000e+03 2.610000000000000000e+02 4.230000000000000000e+02 1.000000000000000000e+00
0.000000000000000000e+00 1.000000000000000000e+00 6.979000000000000000e+03 4.960000000000000000e+02 3.680000000000000000e+02 1.000000000000000000e+00
1.000000000000000000e+00 0.000000000000000000e+00 6.472000000000000000e+03 1.580000000000000000e+02 3.590000000000000000e+02 1.000000000000000000e+00
1.000000000000000000e+00 0.000000000000000000e+00 4.761000000000000000e+03 5.020000000000000000e+02 1.010000000000000000e+02 1.000000000000000000e+00
0.000000000000000000e+00 1.000000000000000000e+00 5.158000000000000000e+03 1.030000000000000000e+02 3.640000000000000000e+02 1.000000000000000000e+00
0.000000000000000000e+00 1.000000000000000000e+00 3.771000000000000000e+03 1.250000000000000000e+02 4.800000000000000000e+02 1.000000000000000000e+00
1.000000000000000000e+00 0.000000000000000000e+00 5.571000000000000000e+03 1.690000000000000000e+02 3.250000000000000000e+02 0.000000000000000000e+00
1.000000000000000000e+00 0.000000000000000000e+00 2.545000000000000000e+03 4.860000000000000000e+02 5.630000000000000000e+02 0.000000000000000000e+00
0.000000000000000000e+00 1.000000000000000000e+00 4.572000000000000000e+03 5.670000000000000000e+02 3.770000000000000000e+02 1.000000000000000000e+00
1.000000000000000000e+00 0.000000000000000000e+00 4.480000000000000000e+03 5.530000000000000000e+02 4.010000000000000000e+02 0.000000000000000000e+00
0.000000000000000000e+00 1.000000000000000000e+00 1.742000000000000000e+03 5.230000000000000000e+02 3.900000000000000000e+02 1.000000000000000000e+00
1.000000000000000000e+00 0.000000000000000000e+00 3.809000000000000000e+03 4.070000000000000000e+02 4.990000000000000000e+02 1.000000000000000000e+00
0.000000000000000000e+00 1.000000000000000000e+00 2.154000000000000000e+03 4.490000000000000000e+02 3.850000000000000000e+02 1.000000000000000000e+00
0.000000000000000000e+00 1.000000000000000000e+00 7.810000000000000000e+02 4.730000000000000000e+02 5.110000000000000000e+02 1.000000000000000000e+00
0.000000000000000000e+00 1.000000000000000000e+00 4.740000000000000000e+03 5.040000000000000000e+02 5.080000000000000000e+02 1.000000000000000000e+00
1.000000000000000000e+00 0.000000000000000000e+00 1.371000000000000000e+03 1.960000000000000000e+02 1.520000000000000000e+02 1.000000000000000000e+00
1.000000000000000000e+00 0.000000000000000000e+00 2.354000000000000000e+03 5.550000000000000000e+02 1.460000000000000000e+02 0.000000000000000000e+00
1.000000000000000000e+00 0.000000000000000000e+00 5.064000000000000000e+03 2.770000000000000000e+02 5.030000000000000000e+02 1.000000000000000000e+00
0.000000000000000000e+00 1.000000000000000000e+00 3.937000000000000000e+03 1.770000000000000000e+02 5.530000000000000000e+02 1.000000000000000000e+00
1.000000000000000000e+00 0.000000000000000000e+00 6.494000000000000000e+03 5.240000000000000000e+02 2.800000000000000000e+02 1.000000000000000000e+00
1.000000000000000000e+00 0.000000000000000000e+00 4.365000000000000000e+03 4.340000000000000000e+02 4.130000000000000000e+02 1.000000000000000000e+00
1.000000000000000000e+00 0.000000000000000000e+00 3.695000000000000000e+03 4.420000000000000000e+02 2.450000000000000000e+02 0.000000000000000000e+00
0.000000000000000000e+00 1.000000000000000000e+00 5.531000000000000000e+03 2.630000000000000000e+02 3.150000000000000000e+02 1.000000000000000000e+00
0.000000000000000000e+00 1.000000000000000000e+00 2.562000000000000000e+03 4.750000000000000000e+02 5.400000000000000000e+02 0.000000000000000000e+00
0.000000000000000000e+00 1.000000000000000000e+00 1.979000000000000000e+03 3.710000000000000000e+02 3.600000000000000000e+02 1.000000000000000000e+00
0.000000000000000000e+00 1.000000000000000000e+00 3.474000000000000000e+03 1.940000000000000000e+02 4.080000000000000000e+02 0.000000000000000000e+00
0.000000000000000000e+00 1.000000000000000000e+00 1.400000000000000000e+02 2.210000000000000000e+02 4.650000000000000000e+02 1.000000000000000000e+00
1.000000000000000000e+00 0.000000000000000000e+00 5.103000000000000000e+03 5.140000000000000000e+02 5.630000000000000000e+02 1.000000000000000000e+00
0.000000000000000000e+00 1.000000000000000000e+00 1.170000000000000000e+03 4.640000000000000000e+02 5.650000000000000000e+02 1.000000000000000000e+00
0.000000000000000000e+00 1.000000000000000000e+00 3.165000000000000000e+03 2.090000000000000000e+02 5.300000000000000000e+02 1.000000000000000000e+00
1.000000000000000000e+00 0.000000000000000000e+00 3.782000000000000000e+03 2.560000000000000000e+02 5.250000000000000000e+02 1.000000000000000000e+00
1.000000000000000000e+00 0.000000000000000000e+00 3.156000000000000000e+03 5.480000000000000000e+02 4.000000000000000000e+02 1.000000000000000000e+00
0.000000000000000000e+00 1.000000000000000000e+00 4.236000000000000000e+03 1.430000000000000000e+02 5.440000000000000000e+02 0.000000000000000000e+00
0.000000000000000000e+00 1.000000000000000000e+00 6.843000000000000000e+03 2.280000000000000000e+02 4.400000000000000000e+02 1.000000000000000000e+00
1.000000000000000000e+00 0.000000000000000000e+00 2.898000000000000000e+03 3.850000000000000000e+02 3.600000000000000000e+02 1.000000000000000000e+00
0.000000000000000000e+00 1.000000000000000000e+00 2.280000000000000000e+02 2.240000000000000000e+02 4.350000000000000000e+02 1.000000000000000000e+00
0.000000000000000000e+00 1.000000000000000000e+00 6.689000000000000000e+03 1.170000000000000000e+02 5.310000000000000000e+02 1.000000000000000000e+00
1.000000000000000000e+00 0.000000000000000000e+00 6.686000000000000000e+03 5.270000000000000000e+02 5.700000000000000000e+02 1.000000000000000000e+00
1.000000000000000000e+00 0.000000000000000000e+00 6.293000000000000000e+03 3.730000000000000000e+02 1.580000000000000000e+02 1.000000000000000000e+00
0.000000000000000000e+00 1.000000000000000000e+00 5.400000000000000000e+01 2.500000000000000000e+02 2.170000000000000000e+02 1.000000000000000000e+00
0.000000000000000000e+00 1.000000000000000000e+00 6.959000000000000000e+03 2.170000000000000000e+02 3.130000000000000000e+02 1.000000000000000000e+00
1.000000000000000000e+00 0.000000000000000000e+00 1.534000000000000000e+03 1.080000000000000000e+02 4.440000000000000000e+02 1.000000000000000000e+00
0.000000000000000000e+00 1.000000000000000000e+00 5.216000000000000000e+03 5.790000000000000000e+02 5.650000000000000000e+02 1.000000000000000000e+00
0.000000000000000000e+00 1.000000000000000000e+00 6.631000000000000000e+03 4.580000000000000000e+02 1.550000000000000000e+02 1.000000000000000000e+00
0.000000000000000000e+00 1.000000000000000000e+00 8.660000000000000000e+02 2.390000000000000000e+02 1.280000000000000000e+02 0.000000000000000000e+00
0.000000000000000000e+00 1.000000000000000000e+00 4.986000000000000000e+03 5.200000000000000000e+02 1.950000000000000000e+02 0.000000000000000000e+00
1.000000000000000000e+00 0.000000000000000000e+00 3.086000000000000000e+03 5.670000000000000000e+02 2.620000000000000000e+02 0.000000000000000000e+00
0.000000000000000000e+00 1.000000000000000000e+00 2.082000000000000000e+03 3.120000000000000000e+02 4.980000000000000000e+02 0.000000000000000000e+00
1.000000000000000000e+00 0.000000000000000000e+00 6.030000000000000000e+03 5.760000000000000000e+02 1.690000000000000000e+02 0.000000000000000000e+00
1.000000000000000000e+00 0.000000000000000000e+00 5.210000000000000000e+03 1.840000000000000000e+02 3.140000000000000000e+02 1.000000000000000000e+00
0.000000000000000000e+00 1.000000000000000000e+00 4.092000000000000000e+03 1.590000000000000000e+02 3.780000000000000000e+02 1.000000000000000000e+00
0.000000000000000000e+00 1.000000000000000000e+00 7.840000000000000000e+02 2.800000000000000000e+02 3.440000000000000000e+02 1.000000000000000000e+00
0.000000000000000000e+00 1.000000000000000000e+00 2.289000000000000000e+03 2.270000000000000000e+02 4.030000000000000000e+02 1.000000000000000000e+00
1.000000000000000000e+00 0.000000000000000000e+00 6.975000000000000000e+03 4.410000000000000000e+02 4.360000000000000000e+02 1.000000000000000000e+00
0.000000000000000000e+00 1.000000000000000000e+00 3.454000000000000000e+03 5.430000000000000000e+02 1.760000000000000000e+02 1.000000000000000000e+00
1.000000000000000000e+00 0.000000000000000000e+00 6.639000000000000000e+03 2.630000000000000000e+02 3.050000000000000000e+02 1.000000000000000000e+00
0.000000000000000000e+00 1.000000000000000000e+00 3.702000000000000000e+03 2.320000000000000000e+02 5.300000000000000000e+02 1.000000000000000000e+00
1.000000000000000000e+00 0.000000000000000000e+00 4.671000000000000000e+03 4.080000000000000000e+02 3.910000000000000000e+02 0.000000000000000000e+00
0.000000000000000000e+00 1.000000000000000000e+00 4.791000000000000000e+03 3.660000000000000000e+02 5.410000000000000000e+02 1.000000000000000000e+00
1.000000000000000000e+00 0.000000000000000000e+00 1.708000000000000000e+03 4.630000000000000000e+02 5.110000000000000000e+02 1.000000000000000000e+00
0.000000000000000000e+00 1.000000000000000000e+00 4.251000000000000000e+03 5.780000000000000000e+02 5.740000000000000000e+02 1.000000000000000000e+00
0.000000000000000000e+00 1.000000000000000000e+00 4.805000000000000000e+03 5.110000000000000000e+02 2.600000000000000000e+02 1.000000000000000000e+00
0.000000000000000000e+00 1.000000000000000000e+00 3.580000000000000000e+02 5.550000000000000000e+02 3.260000000000000000e+02 1.000000000000000000e+00
0.000000000000000000e+00 1.000000000000000000e+00 1.672000000000000000e+03 4.090000000000000000e+02 5.060000000000000000e+02 1.000000000000000000e+00
0.000000000000000000e+00 1.000000000000000000e+00 5.293000000000000000e+03 3.230000000000000000e+02 3.180000000000000000e+02 1.000000000000000000e+00
0.000000000000000000e+00 1.000000000000000000e+00 3.508000000000000000e+03 5.440000000000000000e+02 5.270000000000000000e+02 1.000000000000000000e+00
0.000000000000000000e+00 1.000000000000000000e+00 5.220000000000000000e+02 1.170000000000000000e+02 3.940000000000000000e+02 1.000000000000000000e+00
0.000000000000000000e+00 1.000000000000000000e+00 5.631000000000000000e+03 3.800000000000000000e+02 2.390000000000000000e+02 1.000000000000000000e+00
1.000000000000000000e+00 0.000000000000000000e+00 5.882000000000000000e+03 4.110000000000000000e+02 3.840000000000000000e+02 0.000000000000000000e+00
1.000000000000000000e+00 0.000000000000000000e+00 5.342000000000000000e+03 3.740000000000000000e+02 5.670000000000000000e+02 0.000000000000000000e+00
1.000000000000000000e+00 0.000000000000000000e+00 4.862000000000000000e+03 3.190000000000000000e+02 2.350000000000000000e+02 1.000000000000000000e+00
1.000000000000000000e+00 0.000000000000000000e+00 2.742000000000000000e+03 4.000000000000000000e+02 1.410000000000000000e+02 1.000000000000000000e+00
1.000000000000000000e+00 0.000000000000000000e+00 3.931000000000000000e+03 5.760000000000000000e+02 4.810000000000000000e+02 1.000000000000000000e+00
1.000000000000000000e+00 0.000000000000000000e+00 6.734000000000000000e+03 5.530000000000000000e+02 3.930000000000000000e+02 1.000000000000000000e+00
0.000000000000000000e+00 1.000000000000000000e+00 3.752000000000000000e+03 3.980000000000000000e+02 4.410000000000000000e+02 1.000000000000000000e+00
1.000000000000000000e+00 0.000000000000000000e+00 3.369000000000000000e+03 4.210000000000000000e+02 4.400000000000000000e+02 1.000000000000000000e+00
0.000000000000000000e+00 1.000000000000000000e+00 3.490000000000000000e+02 2.040000000000000000e+02 2.290000000000000000e+02 1.000000000000000000e+00
0.000000000000000000e+00 1.000000000000000000e+00 3.177000000000000000e+03 3.480000000000000000e+02 5.530000000000000000e+02 1.000000000000000000e+00
1.000000000000000000e+00 0.000000000000000000e+00 5.918000000000000000e+03 2.890000000000000000e+02 5.790000000000000000e+02 1.000000000000000000e+00
0.000000000000000000e+00 1.000000000000000000e+00 1.290000000000000000e+03 3.840000000000000000e+02 2.500000000000000000e+02 0.000000000000000000e+00
1.000000000000000000e+00 0.000000000000000000e+00 5.990000000000000000e+03 5.230000000000000000e+02 3.450000000000000000e+02 1.000000000000000000e+00
0.000000000000000000e+00 1.000000000000000000e+00 1.611000000000000000e+03 4.060000000000000000e+02 3.070000000000000000e+02 1.000000000000000000e+00
0.000000000000000000e+00 1.000000000000000000e+00 2.277000000000000000e+03 2.350000000000000000e+02 4.110000000000000000e+02 1.000000000000000000e+00
0.000000000000000000e+00 1.000000000000000000e+00 1.136000000000000000e+03 5.340000000000000000e+02 4.900000000000000000e+02 1.000000000000000000e+00
1.000000000000000000e+00 0.000000000000000000e+00 4.732000000000000000e+03 2.520000000000000000e+02 5.430000000000000000e+02 1.000000000000000000e+00
1.000000000000000000e+00 0.000000000000000000e+00 3.353000000000000000e+03 4.510000000000000000e+02 3.430000000000000000e+02 0.000000000000000000e+00
0.000000000000000000e+00 1.000000000000000000e+00 6.540000000000000000e+02 3.210000000000000000e+02 2.630000000000000000e+02 1.000000000000000000e+00
0.000000000000000000e+00 1.000000000000000000e+00 1.827000000000000000e+03 3.230000000000000000e+02 4.730000000000000000e+02 1.000000000000000000e+00
0.000000000000000000e+00 1.000000000000000000e+00 5.007000000000000000e+03 3.200000000000000000e+02 4.610000000000000000e+02 0.000000000000000000e+00
0.000000000000000000e+00 1.000000000000000000e+00 4.878000000000000000e+03 5.730000000000000000e+02 3.020000000000000000e+02 1.000000000000000000e+00
1.000000000000000000e+00 0.000000000000000000e+00 3.212000000000000000e+03 3.190000000000000000e+02 1.790000000000000000e+02 1.000000000000000000e+00
1.000000000000000000e+00 0.000000000000000000e+00 2.736000000000000000e+03 5.250000000000000000e+02 5.210000000000000000e+02 1.000000000000000000e+00
1.000000000000000000e+00 0.000000000000000000e+00 5.626000000000000000e+03 5.400000000000000000e+02 3.120000000000000000e+02 1.000000000000000000e+00
1.000000000000000000e+00 0.000000000000000000e+00 2.899000000000000000e+03 2.630000000000000000e+02 1.810000000000000000e+02 0.000000000000000000e+00
0.000000000000000000e+00 1.000000000000000000e+00 4.964000000000000000e+03 5.530000000000000000e+02 4.050000000000000000e+02 1.000000000000000000e+00
1.000000000000000000e+00 0.000000000000000000e+00 1.460000000000000000e+02 5.460000000000000000e+02 4.360000000000000000e+02 1.000000000000000000e+00
0.000000000000000000e+00 1.000000000000000000e+00 5.536000000000000000e+03 3.550000000000000000e+02 3.090000000000000000e+02 1.000000000000000000e+00
1.000000000000000000e+00 0.000000000000000000e+00 3.808000000000000000e+03 3.420000000000000000e+02 1.950000000000000000e+02 1.000000000000000000e+00
1.000000000000000000e+00 0.000000000000000000e+00 5.689000000000000000e+03 5.230000000000000000e+02 4.240000000000000000e+02 0.000000000000000000e+00
0.000000000000000000e+00 1.000000000000000000e+00 7.540000000000000000e+02 3.730000000000000000e+02 1.600000000000000000e+02 1.000000000000000000e+00
0.000000000000000000e+00 1.000000000000000000e+00 4.059000000000000000e+03 4.420000000000000000e+02 3.980000000000000000e+02 0.000000000000000000e+00
1.000000000000000000e+00 0.000000000000000000e+00 6.822000000000000000e+03 1.990000000000000000e+02 5.230000000000000000e+02 1.000000000000000000e+00
1.000000000000000000e+00 0.000000000000000000e+00 8.200000000000000000e+01 2.910000000000000000e+02 1.030000000000000000e+02 1.000000000000000000e+00
0.000000000000000000e+00 1.000000000000000000e+00 4.710000000000000000e+02 3.430000000000000000e+02 2.810000000000000000e+02 0.000000000000000000e+00
0.000000000000000000e+00 1.000000000000000000e+00 6.513000000000000000e+03 4.660000000000000000e+02 2.630000000000000000e+02 0.000000000000000000e+00
0.000000000000000000e+00 1.000000000000000000e+00 2.088000000000000000e+03 1.540000000000000000e+02 1.030000000000000000e+02 0.000000000000000000e+00
0.000000000000000000e+00 1.000000000000000000e+00 2.280000000000000000e+03 3.430000000000000000e+02 5.730000000000000000e+02 1.000000000000000000e+00
1.000000000000000000e+00 0.000000000000000000e+00 6.936000000000000000e+03 2.050000000000000000e+02 3.220000000000000000e+02 1.000000000000000000e+00
0.000000000000000000e+00 1.000000000000000000e+00 5.174000000000000000e+03 4.930000000000000000e+02 4.360000000000000000e+02 1.000000000000000000e+00
0.000000000000000000e+00 1.000000000000000000e+00 6.687000000000000000e+03 1.980000000000000000e+02 2.480000000000000000e+02 1.000000000000000000e+00
0.000000000000000000e+00 1.000000000000000000e+00 9.360000000000000000e+02 3.280000000000000000e+02 2.060000000000000000e+02 1.000000000000000000e+00
0.000000000000000000e+00 1.000000000000000000e+00 6.885000000000000000e+03 5.290000000000000000e+02 2.680000000000000000e+02 1.000000000000000000e+00
1.000000000000000000e+00 0.000000000000000000e+00 2.074000000000000000e+03 3.870000000000000000e+02 5.550000000000000000e+02 1.000000000000000000e+00
0.000000000000000000e+00 1.000000000000000000e+00 1.208000000000000000e+03 3.670000000000000000e+02 4.790000000000000000e+02 1.000000000000000000e+00
1.000000000000000000e+00 0.000000000000000000e+00 1.233000000000000000e+03 2.020000000000000000e+02 5.730000000000000000e+02 1.000000000000000000e+00
1.000000000000000000e+00 0.000000000000000000e+00 3.309000000000000000e+03 4.660000000000000000e+02 4.320000000000000000e+02 1.000000000000000000e+00
0.000000000000000000e+00 1.000000000000000000e+00 7.910000000000000000e+02 2.980000000000000000e+02 2.810000000000000000e+02 1.000000000000000000e+00
0.000000000000000000e+00 1.000000000000000000e+00 4.846000000000000000e+03 5.070000000000000000e+02 3.590000000000000000e+02 0.000000000000000000e+00
1.000000000000000000e+00 0.000000000000000000e+00 5.273000000000000000e+03 5.260000000000000000e+02 5.480000000000000000e+02 1.000000000000000000e+00
0.000000000000000000e+00 1.000000000000000000e+00 3.170000000000000000e+03 4.860000000000000000e+02 5.360000000000000000e+02 1.000000000000000000e+00
0.000000000000000000e+00 1.000000000000000000e+00 5.763000000000000000e+03 5.430000000000000000e+02 1.180000000000000000e+02 0.000000000000000000e+00
0.000000000000000000e+00 1.000000000000000000e+00 6.561000000000000000e+03 3.490000000000000000e+02 2.170000000000000000e+02 1.000000000000000000e+00
0.000000000000000000e+00 1.000000000000000000e+00 5.303000000000000000e+03 2.670000000000000000e+02 3.670000000000000000e+02 1.000000000000000000e+00
1.000000000000000000e+00 0.000000000000000000e+00 3.692000000000000000e+03 1.600000000000000000e+02 1.290000000000000000e+02 1.000000000000000000e+00
1.000000000000000000e+00 0.000000000000000000e+00 5.383000000000000000e+03 2.350000000000000000e+02 4.890000000000000000e+02 1.000000000000000000e+00
0.000000000000000000e+00 1.000000000000000000e+00 4.254000000000000000e+03 2.310000000000000000e+02 1.240000000000000000e+02 0.000000000000000000e+00
0.000000000000000000e+00 1.000000000000000000e+00 4.610000000000000000e+02 1.230000000000000000e+02 4.470000000000000000e+02 1.000000000000000000e+00
1.000000000000000000e+00 0.000000000000000000e+00 4.947000000000000000e+03 5.680000000000000000e+02 5.150000000000000000e+02 0.000000000000000000e+00
1.000000000000000000e+00 0.000000000000000000e+00 6.918000000000000000e+03 4.270000000000000000e+02 3.560000000000000000e+02 0.000000000000000000e+00
1.000000000000000000e+00 0.000000000000000000e+00 4.572000000000000000e+03 4.750000000000000000e+02 5.570000000000000000e+02 1.000000000000000000e+00
0.000000000000000000e+00 1.000000000000000000e+00 1.062000000000000000e+03 3.410000000000000000e+02 2.350000000000000000e+02 0.000000000000000000e+00
0.000000000000000000e+00 1.000000000000000000e+00 3.945000000000000000e+03 2.710000000000000000e+02 1.420000000000000000e+02 0.000000000000000000e+00
1.000000000000000000e+00 0.000000000000000000e+00 6.839000000000000000e+03 4.970000000000000000e+02 1.020000000000000000e+02 1.000000000000000000e+00
1.000000000000000000e+00 0.000000000000000000e+00 2.523000000000000000e+03 5.310000000000000000e+02 5.460000000000000000e+02 1.000000000000000000e+00
0.000000000000000000e+00 1.000000000000000000e+00 1.761000000000000000e+03 3.290000000000000000e+02 5.550000000000000000e+02 0.000000000000000000e+00
0.000000000000000000e+00 1.000000000000000000e+00 6.855000000000000000e+03 1.100000000000000000e+02 1.870000000000000000e+02 0.000000000000000000e+00
1.000000000000000000e+00 0.000000000000000000e+00 2.443000000000000000e+03 5.550000000000000000e+02 4.340000000000000000e+02 1.000000000000000000e+00
1.000000000000000000e+00 0.000000000000000000e+00 6.938000000000000000e+03 2.980000000000000000e+02 1.860000000000000000e+02 1.000000000000000000e+00
1.000000000000000000e+00 0.000000000000000000e+00 1.709000000000000000e+03 1.450000000000000000e+02 3.140000000000000000e+02 1.000000000000000000e+00
1.000000000000000000e+00 0.000000000000000000e+00 2.366000000000000000e+03 2.750000000000000000e+02 4.300000000000000000e+02 1.000000000000000000e+00
0.000000000000000000e+00 1.000000000000000000e+00 4.510000000000000000e+02 4.170000000000000000e+02 2.760000000000000000e+02 1.000000000000000000e+00
0.000000000000000000e+00 1.000000000000000000e+00 1.446000000000000000e+03 1.470000000000000000e+02 4.260000000000000000e+02 1.000000000000000000e+00
0.000000000000000000e+00 1.000000000000000000e+00 7.650000000000000000e+02 1.520000000000000000e+02 3.420000000000000000e+02 0.000000000000000000e+00
1.000000000000000000e+00 0.000000000000000000e+00 2.510000000000000000e+03 4.960000000000000000e+02 5.160000000000000000e+02 1.000000000000000000e+00
0.000000000000000000e+00 1.000000000000000000e+00 4.810000000000000000e+02 4.870000000000000000e+02 2.000000000000000000e+02 1.000000000000000000e+00
0.000000000000000000e+00 1.000000000000000000e+00 2.763000000000000000e+03 4.800000000000000000e+02 5.140000000000000000e+02 1.000000000000000000e+00
0.000000000000000000e+00 1.000000000000000000e+00 1.052000000000000000e+03 2.730000000000000000e+02 2.550000000000000000e+02 0.000000000000000000e+00
1.000000000000000000e+00 0.000000000000000000e+00 2.726000000000000000e+03 3.790000000000000000e+02 3.250000000000000000e+02 1.000000000000000000e+00
1.000000000000000000e+00 0.000000000000000000e+00 6.000000000000000000e+02 5.230000000000000000e+02 2.320000000000000000e+02 1.000000000000000000e+00
1.000000000000000000e+00 0.000000000000000000e+00 2.755000000000000000e+03 1.400000000000000000e+02 2.900000000000000000e+02 1.000000000000000000e+00
0.000000000000000000e+00 1.000000000000000000e+00 1.619000000000000000e+03 4.170000000000000000e+02 2.740000000000000000e+02 1.000000000000000000e+00
0.000000000000000000e+00 1.000000000000000000e+00 6.450000000000000000e+02 2.680000000000000000e+02 2.690000000000000000e+02 1.000000000000000000e+00
1.000000000000000000e+00 0.000000000000000000e+00 6.178000000000000000e+03 3.220000000000000000e+02 5.420000000000000000e+02 1.000000000000000000e+00
1.000000000000000000e+00 0.000000000000000000e+00 3.212000000000000000e+03 3.700000000000000000e+02 5.000000000000000000e+02 1.000000000000000000e+00
1.000000000000000000e+00 0.000000000000000000e+00 4.416000000000000000e+03 5.620000000000000000e+02 4.270000000000000000e+02 1.000000000000000000e+00
0.000000000000000000e+00 1.000000000000000000e+00 8.490000000000000000e+02 4.480000000000000000e+02 4.170000000000000000e+02 1.000000000000000000e+00
1.000000000000000000e+00 0.000000000000000000e+00 4.565000000000000000e+03 1.370000000000000000e+02 2.720000000000000000e+02 0.000000000000000000e+00
1.000000000000000000e+00 0.000000000000000000e+00 5.802000000000000000e+03 4.020000000000000000e+02 5.460000000000000000e+02 1.000000000000000000e+00
1.000000000000000000e+00 0.000000000000000000e+00 3.433000000000000000e+03 2.130000000000000000e+02 5.620000000000000000e+02 1.000000000000000000e+00
0.000000000000000000e+00 1.000000000000000000e+00 2.520000000000000000e+03 3.480000000000000000e+02 5.660000000000000000e+02 0.000000000000000000e+00
0.000000000000000000e+00 1.000000000000000000e+00 1.587000000000000000e+03 3.650000000000000000e+02 1.060000000000000000e+02 1.000000000000000000e+00
0.000000000000000000e+00 1.000000000000000000e+00 4.533000000000000000e+03 3.670000000000000000e+02 1.240000000000000000e+02 1.000000000000000000e+00
1.000000000000000000e+00 0.000000000000000000e+00 3.276000000000000000e+03 1.480000000000000000e+02 5.300000000000000000e+02 1.000000000000000000e+00
1.000000000000000000e+00 0.000000000000000000e+00 2.124000000000000000e+03 3.680000000000000000e+02 2.310000000000000000e+02 1.000000000000000000e+00
0.000000000000000000e+00 1.000000000000000000e+00 1.278000000000000000e+03 5.250000000000000000e+02 5.790000000000000000e+02 1.000000000000000000e+00
1.000000000000000000e+00 0.000000000000000000e+00 3.355000000000000000e+03 1.030000000000000000e+02 4.710000000000000000e+02 1.000000000000000000e+00
0.000000000000000000e+00 1.000000000000000000e+00 5.933000000000000000e+03 4.820000000000000000e+02 5.730000000000000000e+02 1.000000000000000000e+00
0.000000000000000000e+00 1.000000000000000000e+00 1.653000000000000000e+03 1.440000000000000000e+02 5.520000000000000000e+02 0.000000000000000000e+00
0.000000000000000000e+00 1.000000000000000000e+00 6.810000000000000000e+03 4.520000000000000000e+02 4.740000000000000000e+02 0.000000000000000000e+00
1.000000000000000000e+00 0.000000000000000000e+00 2.478000000000000000e+03 4.920000000000000000e+02 1.910000000000000000e+02 1.000000000000000000e+00
1.000000000000000000e+00 0.000000000000000000e+00 3.482000000000000000e+03 2.090000000000000000e+02 3.180000000000000000e+02 1.000000000000000000e+00
1.000000000000000000e+00 0.000000000000000000e+00 4.204000000000000000e+03 3.020000000000000000e+02 2.500000000000000000e+02 1.000000000000000000e+00
0.000000000000000000e+00 1.000000000000000000e+00 2.984000000000000000e+03 2.400000000000000000e+02 5.420000000000000000e+02 1.000000000000000000e+00
1.000000000000000000e+00 0.000000000000000000e+00 4.729000000000000000e+03 5.230000000000000000e+02 1.690000000000000000e+02 1.000000000000000000e+00
1.000000000000000000e+00 0.000000000000000000e+00 1.890000000000000000e+03 1.530000000000000000e+02 2.450000000000000000e+02 0.000000000000000000e+00
1.000000000000000000e+00 0.000000000000000000e+00 5.499000000000000000e+03 3.140000000000000000e+02 4.330000000000000000e+02 0.000000000000000000e+00
0.000000000000000000e+00 1.000000000000000000e+00 4.660000000000000000e+03 1.890000000000000000e+02 4.790000000000000000e+02 1.000000000000000000e+00
0.000000000000000000e+00 1.000000000000000000e+00 6.340000000000000000e+03 3.950000000000000000e+02 1.850000000000000000e+02 1.000000000000000000e+00
0.000000000000000000e+00 1.000000000000000000e+00 5.079000000000000000e+03 5.530000000000000000e+02 2.920000000000000000e+02 1.000000000000000000e+00
0.000000000000000000e+00 1.000000000000000000e+00 5.773000000000000000e+03 3.280000000000000000e+02 4.010000000000000000e+02 1.000000000000000000e+00
0.000000000000000000e+00 1.000000000000000000e+00 6.951000000000000000e+03 4.910000000000000000e+02 5.480000000000000000e+02 1.000000000000000000e+00
0.000000000000000000e+00 1.000000000000000000e+00 4.200000000000000000e+03 1.520000000000000000e+02 5.470000000000000000e+02 1.000000000000000000e+00
0.000000000000000000e+00 1.000000000000000000e+00 1.798000000000000000e+03 2.990000000000000000e+02 5.250000000000000000e+02 1.000000000000000000e+00
0.000000000000000000e+00 1.000000000000000000e+00 3.033000000000000000e+03 3.110000000000000000e+02 1.480000000000000000e+02 1.000000000000000000e+00
0.000000000000000000e+00 1.000000000000000000e+00 2.974000000000000000e+03 2.260000000000000000e+02 4.900000000000000000e+02 0.000000000000000000e+00
0.000000000000000000e+00 1.000000000000000000e+00 3.316000000000000000e+03 2.940000000000000000e+02 5.090000000000000000e+02 0.000000000000000000e+00
1.000000000000000000e+00 0.000000000000000000e+00 3.307000000000000000e+03 5.320000000000000000e+02 5.780000000000000000e+02 1.000000000000000000e+00
1.000000000000000000e+00 0.000000000000000000e+00 6.160000000000000000e+02 4.940000000000000000e+02 5.670000000000000000e+02 0.000000000000000000e+00
1.000000000000000000e+00 0.000000000000000000e+00 3.829000000000000000e+03 5.130000000000000000e+02 5.590000000000000000e+02 1.000000000000000000e+00
0.000000000000000000e+00 1.000000000000000000e+00 4.557000000000000000e+03 3.590000000000000000e+02 1.750000000000000000e+02 1.000000000000000000e+00
0.000000000000000000e+00 1.000000000000000000e+00 1.885000000000000000e+03 1.570000000000000000e+02 2.430000000000000000e+02 1.000000000000000000e+00
0.000000000000000000e+00 1.000000000000000000e+00 6.725000000000000000e+03 5.050000000000000000e+02 4.690000000000000000e+02 1.000000000000000000e+00
0.000000000000000000e+00 1.000000000000000000e+00 3.408000000000000000e+03 1.650000000000000000e+02 2.560000000000000000e+02 1.000000000000000000e+00
0.000000000000000000e+00 1.000000000000000000e+00 7.630000000000000000e+02 1.530000000000000000e+02 3.430000000000000000e+02 0.000000000000000000e+00
0.000000000000000000e+00 1.000000000000000000e+00 2.397000000000000000e+03 2.310000000000000000e+02 1.710000000000000000e+02 1.000000000000000000e+00
1.000000000000000000e+00 0.000000000000000000e+00 6.742000000000000000e+03 5.150000000000000000e+02 4.240000000000000000e+02 1.000000000000000000e+00
1.000000000000000000e+00 0.000000000000000000e+00 1.933000000000000000e+03 3.250000000000000000e+02 2.630000000000000000e+02 1.000000000000000000e+00
1.000000000000000000e+00 0.000000000000000000e+00 6.028000000000000000e+03 2.060000000000000000e+02 3.710000000000000000e+02 1.000000000000000000e+00
0.000000000000000000e+00 1.000000000000000000e+00 3.707000000000000000e+03 2.220000000000000000e+02 4.980000000000000000e+02 0.000000000000000000e+00
1.000000000000000000e+00 0.000000000000000000e+00 5.212000000000000000e+03 4.940000000000000000e+02 4.460000000000000000e+02 1.000000000000000000e+00
1.000000000000000000e+00 0.000000000000000000e+00 1.165000000000000000e+03 3.710000000000000000e+02 2.770000000000000000e+02 1.000000000000000000e+00
0.000000000000000000e+00 1.000000000000000000e+00 4.759000000000000000e+03 1.210000000000000000e+02 4.700000000000000000e+02 1.000000000000000000e+00
0.000000000000000000e+00 1.000000000000000000e+00 8.110000000000000000e+02 2.820000000000000000e+02 2.710000000000000000e+02 0.000000000000000000e+00
0.000000000000000000e+00 1.000000000000000000e+00 2.136000000000000000e+03 2.830000000000000000e+02 1.160000000000000000e+02 1.000000000000000000e+00
1.000000000000000000e+00 0.000000000000000000e+00 2.384000000000000000e+03 4.530000000000000000e+02 5.490000000000000000e+02 1.000000000000000000e+00
0.000000000000000000e+00 1.000000000000000000e+00 3.420000000000000000e+03 4.210000000000000000e+02 4.370000000000000000e+02 0.000000000000000000e+00
1.000000000000000000e+00 0.000000000000000000e+00 4.406000000000000000e+03 1.130000000000000000e+02 5.400000000000000000e+02 0.000000000000000000e+00
1.000000000000000000e+00 0.000000000000000000e+00 5.861000000000000000e+03 1.720000000000000000e+02 1.510000000000000000e+02 0.000000000000000000e+00
1.000000000000000000e+00 0.000000000000000000e+00 3.637000000000000000e+03 4.350000000000000000e+02 1.930000000000000000e+02 1.000000000000000000e+00
0.000000000000000000e+00 1.000000000000000000e+00 6.617000000000000000e+03 5.200000000000000000e+02 1.560000000000000000e+02 1.000000000000000000e+00
1.000000000000000000e+00 0.000000000000000000e+00 2.102000000000000000e+03 3.120000000000000000e+02 4.700000000000000000e+02 1.000000000000000000e+00
0.000000000000000000e+00 1.000000000000000000e+00 2.520000000000000000e+02 1.160000000000000000e+02 4.820000000000000000e+02 1.000000000000000000e+00
1.000000000000000000e+00 0.000000000000000000e+00 6.807000000000000000e+03 4.100000000000000000e+02 2.900000000000000000e+02 1.000000000000000000e+00
1.000000000000000000e+00 0.000000000000000000e+00 5.195000000000000000e+03 3.870000000000000000e+02 4.980000000000000000e+02 1.000000000000000000e+00
0.000000000000000000e+00 1.000000000000000000e+00 4.632000000000000000e+03 5.560000000000000000e+02 5.160000000000000000e+02 1.000000000000000000e+00
1.000000000000000000e+00 0.000000000000000000e+00 2.743000000000000000e+03 4.000000000000000000e+02 1.400000000000000000e+02 1.000000000000000000e+00
0.000000000000000000e+00 1.000000000000000000e+00 3.980000000000000000e+02 2.900000000000000000e+02 1.900000000000000000e+02 1.000000000000000000e+00
0.000000000000000000e+00 1.000000000000000000e+00 4.812000000000000000e+03 5.120000000000000000e+02 2.530000000000000000e+02 1.000000000000000000e+00
1.000000000000000000e+00 0.000000000000000000e+00 2.907000000000000000e+03 1.740000000000000000e+02 3.000000000000000000e+02 1.000000000000000000e+00
0.000000000000000000e+00 1.000000000000000000e+00 2.374000000000000000e+03 5.790000000000000000e+02 1.290000000000000000e+02 1.000000000000000000e+00
0.000000000000000000e+00 1.000000000000000000e+00 3.009000000000000000e+03 4.950000000000000000e+02 1.450000000000000000e+02 1.000000000000000000e+00
0.000000000000000000e+00 1.000000000000000000e+00 6.280000000000000000e+02 5.550000000000000000e+02 2.580000000000000000e+02 1.000000000000000000e+00
0.000000000000000000e+00 1.000000000000000000e+00 2.975000000000000000e+03 1.310000000000000000e+02 2.250000000000000000e+02 1.000000000000000000e+00
0.000000000000000000e+00 1.000000000000000000e+00 2.180000000000000000e+03 3.660000000000000000e+02 3.630000000000000000e+02 1.000000000000000000e+00
0.000000000000000000e+00 1.000000000000000000e+00 2.684000000000000000e+03 1.090000000000000000e+02 4.430000000000000000e+02 1.000000000000000000e+00
1.000000000000000000e+00 0.000000000000000000e+00 1.274000000000000000e+03 2.330000000000000000e+02 3.390000000000000000e+02 1.000000000000000000e+00
0.000000000000000000e+00 1.000000000000000000e+00 5.145000000000000000e+03 3.010000000000000000e+02 3.070000000000000000e+02 1.000000000000000000e+00
0.000000000000000000e+00 1.000000000000000000e+00 5.028000000000000000e+03 2.980000000000000000e+02 5.160000000000000000e+02 1.000000000000000000e+00
1.000000000000000000e+00 0.000000000000000000e+00 5.533000000000000000e+03 2.160000000000000000e+02 3.830000000000000000e+02 1.000000000000000000e+00
1.000000000000000000e+00 0.000000000000000000e+00 3.064000000000000000e+03 1.870000000000000000e+02 1.430000000000000000e+02 1.000000000000000000e+00
0.000000000000000000e+00 1.000000000000000000e+00 6.991000000000000000e+03 4.490000000000000000e+02 1.690000000000000000e+02 0.000000000000000000e+00
0.000000000000000000e+00 1.000000000000000000e+00 3.669000000000000000e+03 1.750000000000000000e+02 2.980000000000000000e+02 1.000000000000000000e+00
0.000000000000000000e+00 1.000000000000000000e+00 5.126000000000000000e+03 1.070000000000000000e+02 1.930000000000000000e+02 1.000000000000000000e+00
1.000000000000000000e+00 0.000000000000000000e+00 6.197000000000000000e+03 2.980000000000000000e+02 1.470000000000000000e+02 1.000000000000000000e+00
0.000000000000000000e+00 1.000000000000000000e+00 1.043000000000000000e+03 5.190000000000000000e+02 5.350000000000000000e+02 1.000000000000000000e+00
0.000000000000000000e+00 1.000000000000000000e+00 4.865000000000000000e+03 5.270000000000000000e+02 2.960000000000000000e+02 1.000000000000000000e+00
0.000000000000000000e+00 1.000000000000000000e+00 5.234000000000000000e+03 4.960000000000000000e+02 1.430000000000000000e+02 0.000000000000000000e+00
0.000000000000000000e+00 1.000000000000000000e+00 1.301000000000000000e+03 3.230000000000000000e+02 5.480000000000000000e+02 1.000000000000000000e+00
0.000000000000000000e+00 1.000000000000000000e+00 1.307000000000000000e+03 1.920000000000000000e+02 4.790000000000000000e+02 1.000000000000000000e+00
0.000000000000000000e+00 1.000000000000000000e+00 1.743000000000000000e+03 4.480000000000000000e+02 1.450000000000000000e+02 1.000000000000000000e+00
1.000000000000000000e+00 0.000000000000000000e+00 3.630000000000000000e+03 2.140000000000000000e+02 3.160000000000000000e+02 0.000000000000000000e+00
0.000000000000000000e+00 1.000000000000000000e+00 2.415000000000000000e+03 3.650000000000000000e+02 4.340000000000000000e+02 1.000000000000000000e+00
1.000000000000000000e+00 0.000000000000000000e+00 3.648000000000000000e+03 5.650000000000000000e+02 1.830000000000000000e+02 0.000000000000000000e+00
0.000000000000000000e+00 1.000000000000000000e+00 9.150000000000000000e+02 2.100000000000000000e+02 1.300000000000000000e+02 1.000000000000000000e+00
0.000000000000000000e+00 1.000000000000000000e+00 3.090000000000000000e+02 4.580000000000000000e+02 4.360000000000000000e+02 1.000000000000000000e+00
0.000000000000000000e+00 1.000000000000000000e+00 6.941000000000000000e+03 2.890000000000000000e+02 2.250000000000000000e+02 1.000000000000000000e+00
0.000000000000000000e+00 1.000000000000000000e+00 2.730000000000000000e+02 1.660000000000000000e+02 4.410000000000000000e+02 1.000000000000000000e+00
1.000000000000000000e+00 0.000000000000000000e+00 3.880000000000000000e+03 3.330000000000000000e+02 4.440000000000000000e+02 1.000000000000000000e+00
0.000000000000000000e+00 1.000000000000000000e+00 3.919000000000000000e+03 3.670000000000000000e+02 1.020000000000000000e+02 1.000000000000000000e+00
1.000000000000000000e+00 0.000000000000000000e+00 5.901000000000000000e+03 5.350000000000000000e+02 5.390000000000000000e+02 0.000000000000000000e+00
0.000000000000000000e+00 1.000000000000000000e+00 3.561000000000000000e+03 1.080000000000000000e+02 2.930000000000000000e+02 1.000000000000000000e+00
1.000000000000000000e+00 0.000000000000000000e+00 3.658000000000000000e+03 2.560000000000000000e+02 5.410000000000000000e+02 1.000000000000000000e+00
1.000000000000000000e+00 0.000000000000000000e+00 1.015000000000000000e+03 3.810000000000000000e+02 3.950000000000000000e+02 1.000000000000000000e+00
0.000000000000000000e+00 1.000000000000000000e+00 4.169000000000000000e+03 3.730000000000000000e+02 1.080000000000000000e+02 1.000000000000000000e+00
1.000000000000000000e+00 0.000000000000000000e+00 3.008000000000000000e+03 5.500000000000000000e+02 3.860000000000000000e+02 1.000000000000000000e+00
1.000000000000000000e+00 0.000000000000000000e+00 2.848000000000000000e+03 4.470000000000000000e+02 4.360000000000000000e+02 1.000000000000000000e+00
0.000000000000000000e+00 1.000000000000000000e+00 4.152000000000000000e+03 3.890000000000000000e+02 1.220000000000000000e+02 1.000000000000000000e+00
1.000000000000000000e+00 0.000000000000000000e+00 2.904000000000000000e+03 4.480000000000000000e+02 3.390000000000000000e+02 0.000000000000000000e+00
1.000000000000000000e+00 0.000000000000000000e+00 5.299000000000000000e+03 2.300000000000000000e+02 4.960000000000000000e+02 1.000000000000000000e+00
0.000000000000000000e+00 1.000000000000000000e+00 6.751000000000000000e+03 2.510000000000000000e+02 3.150000000000000000e+02 1.000000000000000000e+00
1.000000000000000000e+00 0.000000000000000000e+00 5.983000000000000000e+03 2.560000000000000000e+02 2.210000000000000000e+02 1.000000000000000000e+00
1.000000000000000000e+00 0.000000000000000000e+00 5.422000000000000000e+03 2.900000000000000000e+02 4.910000000000000000e+02 1.000000000000000000e+00
1.000000000000000000e+00 0.000000000000000000e+00 1.729000000000000000e+03 2.050000000000000000e+02 5.270000000000000000e+02 1.000000000000000000e+00
0.000000000000000000e+00 1.000000000000000000e+00 3.746000000000000000e+03 1.460000000000000000e+02 4.950000000000000000e+02 1.000000000000000000e+00
