3340 250 207 303 171 248 173 206 222 253 228 1
3335 253 210 306 173 248 178 205 229 258 231 0 
3341 250 207 303 170 248 172 205 221 252 227 0
6142 282 110 327 79 277 71 240 126 285 131 1
6143 282 110 328 79 278 72 240 127 286 131 0
6472 359 158 373 160 368 125 320 155 327 202 1
6471 358 159 381 160 369 125 320 155 328 202 0
6473 357 157 379 158 366 124 319 153 327 201 0
6470 359 160 381 163 370 126 321 156 328 204 0
6474 356 156 379 159 366 123 318 153 327 201 0
3353 343 451 389 431366 393 314 451 431 478 1
3354 343 449 388 431 365 392 313 450 340 478 0
3352 344 453 390 430 367 395 313 452 343 476 0